0 0 0 0 0 0 0 0 0 0 0 0 0
43.284933583 -0.999694503256421 0.0252968036417178 0.00712407247825192 -9.35394237224 -0.00738458597577324 -0.00943575584390366 -0.999896557104104 -27.92909195174 -0.0251629761829921 -0.999608902027092 0.00956912355180567 0.939690488759997
43.351601208 -0.999738705404465 0.0245401797911635 -0.000487801017325763 -9.356341946796 0.000176745066488683 -0.0118480173925976 -0.999898215151501 -27.997656927666 -0.0244791160437916 -0.999602228940398 0.0117904281043083 0.947065339013997
43.41827025 -0.999358814426107 0.0356925716520903 0.00937210842578745 -9.35791764766 -0.00971095861083421 -0.00878119347285873 -0.999882660094423 -28.06175361666 -0.035541848730419 -0.999298374386831 0.00907149222386038 0.952876242939997
43.484939458 -0.99912007595096 0.0393825020241782 0.0169649629217877 -9.35979521458 -0.0169455101302093 0.00131214072064763 -0.999823862270644 -28.12593487843 -0.0393338267014569 -0.999197180460361 -0.000694427867422094 0.957103482569997
43.551597167 -0.99922821811779 0.0396694624588938 0.00701913307705038 -9.36188447992 -0.00688082076472906 0.00412094057607925 -0.999936272206545 -28.19096339262 -0.0396313373000516 -0.999178199082482 -0.00389485608052885 0.955903038879997
43.618276083 -0.999200435851605 0.0404546903435603 0.00645152717228231 -9.363249670636 -0.00615173284992004 0.00802079987380957 -0.999917220635848 -28.254968547956 -0.0404385061197922 -0.999122756229437 -0.00781539374665645 0.950489886523997
43.684934208 -0.999062209261743 0.0441231883807404 0.00275436494558329 -9.36330116366 -0.00248719298918048 0.00656455980860814 -0.99994368374832 -28.32067679611 -0.0440738948054808 -0.99897843995495 -0.00649834940110095 0.944748761289997
43.751614292 -0.998976950720386 0.0447068413385361 -0.0112308154441212 -9.36381183032 0.0109636450151092 -0.00574567192442464 -0.999891732475784 -28.38816290592 -0.0447009518217034 -0.998958198092019 0.00520041373474373 0.939507158779997
43.818272333 -0.998761737860347 0.0449934008606034 -0.0230301108423258 -9.36199902085 0.0220822499393195 -0.0209696177826815 -0.999504557512223 -28.458153879625 -0.0453878986771307 -0.998742512525127 0.019901091667502 0.939885033974997
43.884951667 -0.998510396242759 0.0479739915951323 -0.0274813846839976 -9.36052417532 0.0259009494450914 -0.0328058902831051 -0.999094372993596 -28.52626698702 -0.0487656559419422 -0.998285783741243 0.0314653229455464 0.946286308579997
43.951608792 -0.998301227051297 0.0517485989620151 -0.0282254865815398 -9.36016521612 0.0264241021125451 -0.0347482594337875 -0.999015100373297 -28.59341149642 -0.0526118182540483 -0.99803195402964 0.0332726734338986 0.953399817679997
44.018289625 -0.998278581724855 0.0480722007497382 -0.0347676787387343 -9.36088235562 0.0334814946645238 -0.0268427807009011 -0.999047155699773 -28.66076994112 -0.0488928462767502 -0.998458969815365 0.0251386127680592 0.959664399979997
44.084947208 -0.998330185367032 0.0436350454130916 -0.0388915542708435 -9.36267495676 0.0382353786259717 -0.0152520136382409 -0.999120648914926 -28.72705455441 -0.0441229781654112 -0.998906042164117 0.0135104001837675 0.962485581489997
44.151626792 -0.998249331694173 0.0455313666995431 -0.0387934790186952 -9.364454590576 0.0384225327615465 -0.00849165404078563 -0.999193814216346 -28.793907366896 -0.0457571442228733 -0.998901572154174 0.00667985639846479 0.959778399583997
44.218283833 -0.998324598799044 0.050444383794093 -0.0297182465580275 -9.36760550699 0.0292678426774101 -0.00920238294761938 -0.999497590849072 -28.863092688265 -0.0506258521952287 -0.998659624049577 0.00766243848889443 0.954001164234997
44.284965292 -0.998614085574076 0.0478490583147423 -0.0236721965664949 -9.37137238948 0.0232025051976063 -0.00989089199686733 -0.999650299424082 -28.93247629308 -0.0480001739791896 -0.99878070156434 0.0087184065765177 0.947396804319997
44.351623333 -0.999028551601818 0.0371503106980396 -0.0253298913724694 -9.37720718954 0.0248357027997285 -0.0131148566973571 -0.999573856339958 -29.00250617964 -0.0374006749378235 -0.999198051930012 0.0121308867097771 0.941250598759997
44.41829425 -0.999281555536907 0.0271881960835306 -0.0278752453263614 -9.38362034576 0.0271896219340486 -0.0244708947935865 -0.99929908650203 -29.07546333236 -0.027785490179011 -0.999305107049113 0.0236652504518697 0.940041743039997
44.484959333 -0.999753201018199 0.0171721382776865 -0.0166840657091433 -9.38898177234 0.01625959036705 -0.0233462826259786 -0.999563499798885 -29.14402957549 -0.0174892674424223 -0.999553503621017 0.0230117849174789 0.944441653609997
44.551628292 -0.999634594393712 0.00956652666772403 -0.0268113173465147 -9.39315925773 0.0265705121281456 -0.0222896272533712 -0.999366688396828 -29.213388493205 -0.0100929633547383 -0.999678791807371 0.021978461650677 0.948381056094997
44.618302625 -0.999506547217074 0.00757860779213558 -0.0317653887855766 -9.395950072474 0.0316534331826294 -0.0116379745497369 -0.999399490116331 -29.280846903854 -0.00787845886094835 -0.999875978230273 0.0113442132209431 0.951469010215997
44.68498075 -0.999832535009645 0.00707846999354444 -0.0190938262261943 -9.3979978249 0.019111998479363 0.00560340809751685 -0.9997699837044 -29.34756477385 -0.00690520801517951 -0.999930765824504 -0.00578607337224655 0.953890942349997
44.751649875 -0.999881980410584 0.00982524238897897 -0.0148060258566394 -9.397765292004 0.0148894310666456 0.0106768301104207 -0.999800454426261 -29.412864982934 -0.00960066484128556 -0.999866147554973 -0.0108702685453367 0.948715890285997
44.818310125 -0.999930647597508 0.0129434117592347 -0.00713749963502175 -9.39672540952 0.00733873295036286 0.0171899975914941 -0.999793645098177 -29.47720850662 -0.0127537677564504 -0.999739777876827 -0.0173324475107648 0.942768706079997
44.884986 -0.999819762839084 0.0163101946431663 -0.0132030236951094 -9.39444402328 0.0133983361694184 0.013240642166306 -0.999790968350938 -29.54615134183 -0.0160672716280396 -0.999751105486744 -0.013505194374729 0.935496194669997
44.9516625 -0.999748010490991 0.0189264779519995 -0.0150155020306126 -9.39206785698 0.0151387723460574 0.00752261976490951 -0.99982543431282 -29.61605278008 -0.0187453412859851 -0.999764762662236 -0.00785575296809761 0.932419485719997
45.018321542 -0.999647105254513 0.0268713624012718 -0.0079500455686955 -9.387368462304 0.0078248885321498 -0.00398415063665055 -0.999929705557406 -29.688264565884 -0.0268363448270975 -0.999604160436055 0.00372309386069276 0.935677370435997
45.084990333 -0.999746390011742 0.0238960607050725 -0.00398150565580441 -9.38393637224 0.00387442459969817 -0.00366507528607252 -0.999954091193602 -29.75822605299 -0.0238450523658584 -0.999680773005485 0.00352193112238349 0.944026080409997
45.151662792 -0.999673539868687 0.0204334745995071 -0.0177449136987805 -9.38182226599 0.0176498228045515 -0.00377316826509638 -0.999805357119807 -29.830306588115 -0.0204313943842474 -0.999756853732231 0.00336254484142142 0.948936673384997
45.2183295 -0.999756862427317 0.0201627546203621 -0.0126317937598899 -9.38003974584 0.0127178953767599 0.00520272453763546 -0.999873981870051 -29.89967917549 -0.0200296884721366 -0.999755615841003 -0.00550663250320924 0.952910119309997
45.284999792 -0.999781834506014 0.019920345813777 -0.0109213602987988 -9.37981251742 0.0112290155001102 0.0164666040031361 -0.999769715003387 -29.96742216517 -0.0196712016384851 -0.999637790435887 -0.0167351317271411 0.953807445929997
45.35167425 -0.999679356253121 0.0264061375624012 -0.00486169829269534 -9.381063347236 0.00541398229471324 0.0216697715371312 -0.999718838132173 -30.036671435506 -0.0262286970284975 -0.999388360733591 -0.0218544137868486 0.950020344173997
45.418334625 -0.99944434224973 0.0343869914661577 0.00282956002755447 -9.38281092799 -0.00202031444909284 0.0241297204693266 -0.999674972075704 -30.104721075415 -0.034379515980428 -0.999089496781241 -0.0240958746707037 0.943490964284997
45.485003583 -0.999470457006608 0.033745813689894 -0.00015387786920906 -9.38568297998 0.000965176293977523 0.0246293938318389 -0.999664628460375 -30.17696763198 -0.0336659981512956 -0.999099364575261 -0.0246977382859236 0.937248739519997
45.551680375 -0.999445033100852 0.0311429749662153 0.0148168788413074 -9.39142826644 -0.0142082389996179 0.0202874156892269 -0.999661570566561 -30.24588203874 -0.0313691679004385 -0.999281409855215 -0.0198836159252869 0.932395239159997
45.618343792 -0.999692539965867 0.0262493769762347 -0.00234473670700552 -9.39674363896 0.00258196382951365 0.00978795528384624 -0.999917067277782 -30.31486947846 -0.0261597286779782 -0.999580032731915 -0.00990195933477648 0.933389827239997
45.685006208 -0.999837378779502 0.0195408842116871 0.00482146018601465 -9.4014098953 -0.00457585892418033 0.0136122700650284 -0.999865268036925 -30.384246433175 -0.0195399504312826 -0.999688369828885 -0.0135701943641226 0.940179281374997
45.751687208 -0.999825251551001 0.0207171314112657 0.000170257684215804 -9.40476938078 0.000155978173419226 0.016724293994928 -0.999828458190292 -30.45242139998 -0.0206522184143526 -0.999617331568691 -0.016773742834169 0.946589462519997
45.818348333 -0.999786346126476 0.022516450059761 0.000329092956132707 -9.406673491096 0.000193544946833825 0.0241063978174872 -0.999677743488235 -30.517559953166 -0.0224528540065272 -0.999427429779952 -0.0241544747940013 0.950259421813997
45.885017083 -0.999788554133524 0.0224068688242678 -0.00063517974803223 -9.40834787486 0.00124019076637111 0.0279073723434462 -0.999577998307832 -30.58514701856 -0.0223153688996284 -0.999330678108024 -0.0279779253727164 0.951317629739997
45.951686792 -0.999707181278872 0.0256215780544933 -0.0029874136440281 -9.4086509362 0.00361408352447601 0.0252513026865108 -0.999642965408273 -30.64898204695 -0.0254724442939815 -0.99932452611407 -0.0253851190066767 0.947026295549997
46.018354 -0.999534679818268 0.0239591468515442 -0.0208805491094936 -9.407848410402 0.0213892671447242 0.0221046372948117 -0.999495076764265 -30.714501910367 -0.0234201473830326 -0.999440248040248 -0.0226543926966969 0.940939903392997
46.085023583 -0.999335818008317 0.0239267292171673 -0.0288999996884846 -9.40575897172 0.0291318429879365 0.0103450302070126 -0.999490370921599 -30.78300532882 -0.0235498398145403 -0.999632569896203 -0.0110826774277878 0.935586577979997
46.15170025 -0.99911775134305 0.0300281112374654 -0.0306919729436486 -9.402372177942 0.0305329225932602 -0.00499617737574728 -0.999489697056583 -30.847206056957 -0.0301001057189588 -0.999510206377767 0.00402699105214603 0.934610191902997
46.218360708 -0.999040052526982 0.0350824762912869 -0.0277109808019497 -9.39852177832 0.0270287144619281 -0.019149912925765 -0.999419503800011 -30.91702178177 -0.0355267325381072 -0.999175465365536 0.0181346583477857 0.941159954929997
46.285027292 -0.999236341688069 0.0290032982188214 -0.0276658827117848 -9.396531671136 0.0271780355271943 -0.0163263664839142 -0.999465643750599 -30.986041382756 -0.0293736466781278 -0.999420045399864 0.015477100194903 0.951062479323997
46.351688083 -0.998778835246665 0.0281897925834728 -0.0415454393691729 -9.394947533402 0.041207108071265 -0.0116680145327179 -0.999050845217145 -31.057674894017 -0.028581312494109 -0.999508272466784 0.0104446874315464 0.956823146642997
46.418365208 -0.999080539117014 0.0303147006525938 -0.031607460318292 -9.39608746862 0.0316709202968135 0.00236131057695062 -0.999463967957903 -31.12593311942 -0.0301577353979443 -0.999510896216186 -0.00336683362958236 0.959593490279997
46.485024417 -0.998789154504054 0.0321644163142651 -0.0382810715994683 -9.397422003066 0.0386140604429601 0.0105214664097927 -0.999167117323322 -31.195428926886 -0.031668393441142 -0.999400127733805 -0.0117975761343876 0.959205879143997
46.551692333 -0.998839480437328 0.0360282055483691 -0.0331877780872832 -9.39943744752 0.0335515020408884 0.0101737463468275 -0.999353525770711 -31.26811913292 -0.0356009131514998 -0.999272181924006 -0.0114179372281325 0.955176244079997
46.61837375 -0.999120040936157 0.0357919242384884 -0.0236169428907275 -9.40273406354 0.0237723241733887 0.00453814914134458 -0.999675382229478 -31.34025764044 -0.0356072414239988 -0.999322372563904 -0.00543305451997117 0.947992869459997
46.685041375 -0.999401300668058 0.0278025992998843 -0.0224492650634414 -9.40631271957 0.0223127357942856 -0.00442654990615563 -0.999709643470399 -31.411331052245 -0.0278283505482175 -0.999577068547451 0.00375509144829628 0.942478206954997
46.751699375 -0.999662201294603 0.0183276781208931 -0.0204776753045882 -9.41002556278 0.0201286559505368 -0.0178665273813287 -0.999606067440381 -31.48462809523 -0.018621208155465 -0.999645779992503 0.0174424999714218 0.942112114769997
46.818380042 -0.99973267866933 0.00499393941983371 -0.0242743722867527 -9.41526597964 0.0241423075247293 -0.0210263615390058 -0.999455634080213 -31.55607600539 -0.00543678996238515 -0.99973906663866 0.0208512190999765 0.946202285509997
46.88504725 -0.999435483096517 -0.000423756990447385 -0.0347596752441 -9.418708041296 0.0347373707220854 -0.0232079947971204 -0.999095247467726 -31.625334711466 -0.000318176164945087 -0.999702993151314 0.0231612544619866 0.952340329113997
46.951705667 -0.999406502948165 0.00336855087209405 -0.0354260894897525 -9.42313956994 0.0353311089486303 -0.0194953369092909 -0.999153775781412 -31.69463953579 -0.00399102820719864 -0.999776762462893 0.0193165735155768 0.957038384909997
47.018385708 -0.99969596712373 0.00569226146066453 -0.0255991193683728 -9.42538113636 0.0255435928026704 -0.00586555730656934 -0.999624816382977 -31.76317874081 -0.00577536603018038 -0.999938577662064 0.00567005073815898 0.959982247689997
47.085042083 -0.999682068375831 0.00666509103033078 -0.0259014124232884 -9.42705026126 0.0258801536534627 4.68099968807348e-05 -0.999633267707901 -31.83234417101 -0.00659647591765919 -0.9999494384562 -0.000267373489159098 0.958148288489997
47.1517245 -0.999572827569621 0.00577953301927366 -0.0300099580831449 -9.42833139182 0.0300144251266147 0.00462616057592127 -0.999507119083575 -31.90209450052 -0.00557273318858657 -0.9999441113707 -0.00484530257522565 0.952677636579997
47.218392625 -0.999359246187396 0.00441953563530324 -0.0366231748219308 -9.42732595886 0.0366077863520476 0.00163221172776355 -0.999296656668172 -31.97264641971 -0.00429126319988166 -0.9999604045041 -0.00184028509978635 0.945269855389997
47.285051667 -0.998955974262424 0.000799941267527736 -0.0465446129035518 -9.42581328716 0.0465111925083944 -0.00961007746746861 -0.998839999566231 -32.04209937801 -0.00118057065832596 -0.999925525373677 0.00951574025333859 0.939955498489997
47.351730042 -0.998493347057919 -0.000244449242008363 -0.0555952989334936 -9.42460023576 0.0555613911144729 -0.0235436851951296 -0.998145980212284 -32.11522998656 -0.000998768073669904 -0.999695312451037 0.0234747915017711 0.941547961239997
47.418399708 -0.998907664398333 -0.00334078772633466 -0.0474563000292468 -9.42487179414 0.0475065473999555 -0.0274198340326136 -0.998462805469966 -32.18392284099 0.00210007368490959 -0.999590912813108 0.0275009084197614 0.950455119509997
47.485057583 -0.998100909121346 -0.00837269257510986 -0.061678936248026 -9.42617304128 0.0618660903654009 -0.0279793869260454 -0.997660497711544 -32.25247678028 0.00669352481835763 -0.999545656164374 0.0283974627966885 0.958282691519997
47.551736875 -0.997834713827473 -0.00633427845675181 -0.0660737792994316 -9.42890833773 0.0661713765641427 -0.0216309848796089 -0.997542150931021 -32.317278665005 0.0049558888842512 -0.999718075737717 0.0219570416480026 0.964112160094997
47.618406125 -0.997649578078973 -0.00121720522758479 -0.0690915049914224 -9.43262743312 0.0690766702525925 -0.014337940241708 -0.997476588882342 -32.38395006722 0.000290229304946866 -0.999868454078508 0.0143425443471237 0.966299966779997
47.685076917 -0.997617173910599 0.00505676468160132 -0.0693842634519222 -9.43705597046 0.0692823677414126 -0.0140242309254018 -0.997466769880667 -32.45169451446 -0.00595005186651591 -0.999861226614137 0.0135947396522476 0.963115546639997
47.751744875 -0.99817396060428 0.00775982976005744 -0.0605671930829066 -9.4415913357 0.060435677610418 -0.0133432903713895 -0.998051226596185 -32.52027150385 -0.00848622040939246 -0.999853402083261 0.012803665224563 0.959390625949997
47.818412417 -0.999025620836736 0.0132397271354236 -0.0430384391726564 -9.447545549784 0.0427673268143107 -0.0184597711808382 -0.998882821604195 -32.590543139664 -0.0139533865618688 -0.999715047723237 0.0178279289544209 0.954650860655997
47.885069167 -0.999715646616837 0.015506455061852 -0.0201994541323534 -9.454382982564 0.0197351189899496 -0.0281848743465933 -0.999376250516693 -32.659548674694 -0.0160010990632363 -0.999456201394283 0.0278213674117233 0.951344804825997
47.951751083 -0.999663576795761 0.013245018885967 -0.0240234468322736 -9.46010006022 0.0234063186130448 -0.0433919291647398 -0.99875223053772 -32.73100518897 -0.0142057999794599 -0.998944657310113 0.0430175563140105 0.952466007029997
48.018418583 -0.999739920075547 0.00502738093548295 -0.0239714696417757 -9.465899323296 0.0236938184416267 -0.0458992619828805 -0.9986333583471 -32.800307190716 -0.00605594887298928 -0.998907348780719 0.0457183521419151 0.957808678263997
48.085076 -0.99965485660342 0.00169844372571855 -0.0276946888318799 -9.47076645018 0.0275851468366921 -0.0390100853160763 -0.998826259036805 -32.86806464808 -0.00271192349379105 -0.99921070728594 0.0389003951167803 0.962707442219997
48.151756667 -0.999899290172034 0.00560049159927856 -0.0158121772657207 -9.474433647264 0.0156515572233991 -0.0240824872217379 -0.999555878109049 -32.931987941244 -0.00591436142227 -0.99966727668999 0.0239427889513738 0.966688972475997
48.21842625 -0.999981030916677 0.00870883723956769 -0.00646322866949062 -9.47807928456 0.00636928831279704 -0.0084048929222078 -0.99991268583945 -32.99439068961 -0.00869831516141924 -0.999899022419536 0.00829961681246938 0.968094760289997
48.285084667 -0.999920153625052 0.0129995165641055 -0.00840087920522936 -9.4808848546 0.00839807408703053 0.00133802239855266 -0.999932231626063 -33.06300849965 -0.0129230566420211 -0.999886769408411 -0.00149625108983544 0.964744308649997
48.351762917 -0.999785311842557 0.0203221194563284 -0.00980508897472826 -9.48430818999 0.00990496130654395 0.00585594894677263 -0.999902149047 -33.128375176815 -0.0201980400811065 -0.999748712234673 -0.00610488559966238 0.960535444784997
48.41843 -0.999514318234545 0.0312313879207829 -0.00869175097463171 -9.484793857616 0.00867092518893248 -0.000132407854601295 -0.999930760595044 -33.196466739236 -0.0311653772239936 -0.999485578939662 -0.000187655914249481 0.955840314443997
48.485091417 -0.999136370248441 0.0343586013097174 -0.0250180233256753 -9.484427644284 0.0245795502572198 -0.0124888588467617 -0.999588257938058 -33.267311456514 -0.0345910064438767 -0.99930579497036 0.0115849776473797 0.952865609405997
48.551769083 -0.999109466441769 0.0329282668425106 -0.0278532414271066 -9.48370034698 0.0269921703966791 -0.0256500124049289 -0.999274841737604 -33.33605649943 -0.0335528518081191 -0.999103275147603 0.0246895008966595 0.956039737769997
48.618437083 -0.999155114459382 0.0289248569326147 -0.0305311822517912 -9.4837461779 0.0297478900023632 -0.0263792685689963 -0.999177587021884 -33.40478716335 -0.0296404913765582 -0.999207942999151 0.0254478112136316 0.963177837649997
48.685097125 -0.998784281641149 0.0232079304032721 -0.0443984621385844 -9.48417216853 0.043934808804419 -0.0191461793421918 -0.998819272485659 -33.473814384105 -0.0239641468079304 -0.999521137022728 0.0180557196119358 0.969398318694997
48.751776042 -0.999259736593289 0.0217635177295112 -0.0329519350851757 -9.485807744964 0.0327954808814816 -0.00647718018063823 -0.999409282776375 -33.536458519694 -0.0218982594504464 -0.999715096909655 0.00571079433528216 0.972385924425997
48.818433958 -0.999335806409791 0.0289309520319391 -0.0238928123034745 -9.48572110965 0.02400772646237 0.0043946224525185 -0.999670519103317 -33.600455586675 -0.0287507567060062 -0.999544833067592 -0.0051343041363681 0.971417193524997
48.885099875 -0.999276232783449 0.0350251711411816 -0.0173218896117657 -9.48781506533 0.0175372225411934 0.00646719286459164 -0.99979364425918 -33.667784382855 -0.0348403590321836 -0.999338832236829 -0.00712514041550115 0.966775769044997
48.951782042 -0.9993026690089 0.0374074751355886 -0.00865043336637134 -9.4898483365 0.00866155112669709 0.000694443728943735 -0.999930686956296 -33.7342979217 -0.0373336593094776 -0.999273712529919 -0.00106713074369481 0.960245162799997
49.018438667 -0.999445603760445 0.0330163447556751 -0.00992033045362478 -9.49318853362 0.00953413724227553 -0.0112002943766027 -0.999860275456881 -33.80124350437 -0.0330577315237696 -0.999366213664512 0.0108297820028953 0.954419869229997
49.085106833 -0.999603556408678 0.0293335325984597 -0.00348511141642921 -9.497795320164 0.00272441460805773 -0.0252354148065267 -0.999646204161954 -33.870028958544 -0.0293464601935912 -0.999225608092149 0.0250950492941066 0.952954260875997
49.151788917 -0.999796947700139 0.0220410072255307 0.000397663319073423 -9.50210381072 -0.00110705213273876 -0.0312631455027378 -0.999478964711388 -33.93874728262 -0.0219528994417376 -0.999242493100473 0.0312302885288852 0.959837200179997
49.218455958 -0.999908394469083 0.0162063485993456 -0.000593742313046878 -9.50730735438 4.56967775233085e-05 -0.0325438154644755 -0.999438644220852 -34.00599717078 -0.0161525330102962 -0.999312895371122 0.0324892043353894 0.967585723919997
49.285119583 -0.999800746568821 0.0173804761804263 -0.0132674921783253 -9.51020292906 0.012640940178046 -0.0344867842802754 -0.999293459642759 -34.07266769616 -0.0177610307893317 -0.999228090656522 0.0342100682764037 0.973186112339997
49.351794458 -0.999831270087936 0.0165496656702694 -0.0119685727880708 -9.511942989896 0.0114892811859502 -0.0275070003040269 -0.999523875732562 -34.139156170666 -0.0168063769349396 -0.999458324749189 0.0272622374629275 0.977193044013997
49.418463792 -0.999750379017472 0.0192817119431276 -0.0143800996022737 -9.511392539024 0.0138919613607692 -0.0241302530205385 -0.999580435164007 -34.209966661004 -0.0195557762390247 -0.999496436228557 0.0238066722673053 0.976166347715997
49.485124167 -0.999729252749438 0.0220982012114627 -0.0115216734583491 -9.509434988736 0.0109640164948777 -0.0242498902154526 -0.999614076244477 -34.276094039856 -0.0223042742854806 -0.999435560678696 0.0239511515111323 0.971217864323997
49.55180125 -0.999612623905939 0.0190056543473205 -0.0222078653057876 -9.505382393422 0.0216246068294502 -0.0292509811201014 -0.999306493781255 -34.343093799087 -0.0195768536317493 -0.9993654094251 0.0287792855668769 0.962955101472997
49.618469667 -0.999388443266085 0.0177825333389708 -0.031407483154563 -9.49981832847 0.0306313825429507 -0.0411728248469664 -0.998650757715561 -34.412105499495 -0.0189860400321323 -0.998968344289106 0.0405537468295062 0.956998240004997
49.68513225 -0.999313384356964 0.0196470536567998 -0.0326577924941857 -9.49362167982 0.0315329729166256 -0.0540130738345458 -0.998010494804546 -34.48032828492 -0.0213061539029532 -0.998322152330323 0.053306906111279 0.956003887379997
49.751808333 -0.999638051592215 0.0186667315571078 -0.0213361355481737 -9.488046365184 0.0201923367997417 -0.0583609422418801 -0.998059663375603 -34.550618354114 -0.0198105467020462 -0.998096449423549 0.0579124476360724 0.963065780205997
49.818477 -0.999571879153685 0.00815971564689471 -0.0294808231535817 -9.48291199042 0.0289740697202987 -0.0541933386656866 -0.998078221793682 -34.61876145747 -0.00967647968067188 -0.99847155587945 0.0538839431674859 0.970020889929997
49.885140875 -0.998476825608397 -0.000548777891517568 -0.0558874388428541 -9.479471037976 0.0558215958284808 -0.049588156761083 -0.997176790945416 -34.685713227746 -0.00215791788731006 -0.998743285530297 0.0494953659512244 0.974225440333997
49.951814 -0.998680279450415 -0.00244143160541256 -0.0520713673926165 -9.47715753815 0.0521002481848997 -0.0339036181966066 -0.998034421882211 -34.750087141225 0.000737154737859765 -0.999394939634274 0.0339384691166057 0.977974700574997
50.018483917 -0.999432788372898 0.00549205409170654 -0.0344066141113708 -9.47431640164 0.0342535531903221 -0.0222803380866624 -0.99913315770483 -34.81290706214 -0.00618853912754816 -0.999709519260584 0.0220312342182835 0.976516108159997
50.0851435 -0.999801690862067 0.0126216456047521 -0.0178049775723178 -9.472325093696 0.0175363742871265 -0.0194206310228388 -0.999625914465135 -34.877837318066 -0.0128979241377182 -0.999704823205418 0.0191461279633491 0.969190825913997
50.151820542 -0.999961177500295 0.0110892092333734 -0.00586597011356532 -9.47249994746 0.00559403210456511 -0.0225521583162322 -0.999698331309847 -34.94257681736 -0.0111540188868234 -0.999657307992717 0.0224390530880215 0.962555762039997
50.218489042 -1.00002431840555 0.00481039599115815 0.0027879677399199 -9.47322234302 -0.00295156113675715 -0.0300865166601081 -0.999511155462526 -35.00672679697 -0.00466068986141158 -0.999508739111153 0.0300504326375686 0.959399022729997
50.285146875 -0.999914803503484 -0.0031219657531677 0.0155012825843059 -9.47350846096 -0.015354310216066 -0.0476212714803531 -0.998715685447589 -35.07356444331 0.00391868157174526 -0.998834001876548 0.0475168531010653 0.959972957289997
50.351826167 -0.999676520873243 -0.0133265025322234 0.0234335943820736 -9.47391505956 -0.0224857297818039 -0.06855681561827 -0.997362090896921 -35.13654331256 0.0149596374789876 -0.99753210863832 0.068181352679413 0.967194724239997
50.418497208 -0.99956309114929 -0.0239708792489468 0.019467512312598 -9.47362564348 -0.0174881633865836 -0.0809247267208621 -0.99653510875387 -35.19803238433 0.0255248324739933 -0.996405826198914 0.0804163707114879 0.976131091169997
50.485154417 -0.999741011777195 -0.0240257007733022 0.00453831252001895 -9.4719685513 -0.00247329468574459 -0.0861137081072467 -0.99625054241366 -35.2619074415 0.024388835801635 -0.99596970154563 0.0859789477896437 0.981617584699997
50.551834375 -0.999649559400647 -0.0211464584070175 0.0182520462780488 -9.4701521443 -0.0166136404070705 -0.0760665913806583 -0.996932456162442 -35.3225224512 0.0225317325333632 -0.99685210961823 0.0756350718913002 0.984534399699997
50.618501667 -0.999647731346033 -0.0145516683132025 0.0239267438919946 -9.46647894388 -0.022938136398687 -0.0658351511544112 -0.997535118006575 -35.38829971348 0.0161527093962415 -0.997698079560896 0.0654246047448775 0.983369299919997
50.685160417 -0.999599893783574 -0.00583086372303744 0.0290829262960318 -9.4622212104 -0.0287039441728438 -0.0594175971217692 -0.99778870807013 -35.4536988942 0.00760772172525965 -0.99819005592096 0.0591727812625222 0.977685069599997
50.751840292 -0.99981287681407 0.00194303339638366 0.0212185223495644 -9.45534159496 -0.0213152953620204 -0.0594542151681777 -0.997971720128638 -35.52113630221 -0.000615163238942986 -0.99820351152199 0.0594313120693391 0.968427904289997
50.818507958 -0.999806392371424 0.0143702235218444 0.016130682031147 -9.44790910902 -0.0169661340197214 -0.0586246896970496 -0.998104067984577 -35.59091602532 -0.0133342403380558 -0.998151640207925 0.0588042996475065 0.960574749279997
50.885165458 -0.99937504112034 0.0315437131913874 0.0182777519368586 -9.438667506638 -0.0204030777524987 -0.0678021445951506 -0.997458294112397 -35.660197135573 -0.0301607649709222 -0.997176550502594 0.068350056843975 0.958384312266997
50.951834458 -0.999350951889415 0.0362362102911969 0.00803425527697009 -9.42950913154 -0.010570449270416 -0.069801277552823 -0.997473255005342 -35.73429703014 -0.0355196551675464 -0.996879694516597 0.0700862750877584 0.962439313359997
51.018506208 -0.999067736307222 0.0398138328715852 0.018928757606401 -9.42178151494 -0.0211245388798206 -0.0549873308649061 -0.998231855916579 -35.80610264404 -0.038638831068158 -0.997669562531526 0.0557241922126881 0.967658198459997
51.0851815 -0.999087922858571 0.0415186202212391 0.0133871855649172 -9.41710515524 -0.0150596003950186 -0.0397631444061445 -0.999063912341368 -35.87408929204 -0.0408832912227363 -0.998322127180724 0.0403000873484922 0.970551189159996
51.15184025 -0.999263318804937 0.0393180794117958 0.00256025529511555 -9.41496189878 -0.00345026438052692 -0.0220734999891 -0.999718666856191 -35.94293449193 -0.0391858314271299 -0.998957837556939 0.0221421766236464 0.971270867069997
51.218515125 -0.999109691534981 0.0429649713398798 -0.00370442311340413 -9.41473712912 0.00318476747314561 -0.0116793406112352 -0.999895118229148 -36.01066888982 -0.0429385938676854 -0.998983105041227 0.0114821687704434 0.968784049679997
51.285179375 -0.998832052791635 0.049087735081558 -0.00222170396937493 -9.41510691112 0.00178675679735247 -0.00848644525484972 -0.999930852151649 -36.07791739552 -0.0490379175052496 -0.998733536357805 0.00833890524792779 0.962634286079997
51.3518575 -0.998687316254369 0.0518646419653897 0.00364843212179927 -9.416326444416 -0.00433813949076594 -0.0128056812553739 -0.999876848852555 -36.143048702536 -0.0517464806482803 -0.998547334666962 0.0129634087986223 0.957201065743997
51.418517708 -0.998856496569416 0.0483747818284853 0.00503047067209206 -9.41959487496 -0.00600989055538831 -0.019710167854204 -0.999755983418108 -36.20903089666 -0.0481989728375803 -0.998610232929277 0.0199275585150343 0.952825652539997
51.485194458 -0.998939465787376 0.0432307720503887 0.0181863016688563 -9.42330481022 -0.0196783210853523 -0.0338971865696015 -0.99919985585697 -36.27607041442 -0.0425157483328417 -0.998465686439607 0.0346597990367972 0.951929125479997
51.551865208 -0.999246813674599 0.0352040836010851 0.0186086744134901 -9.427007871944 -0.0202638886243871 -0.0467098617985926 -0.998671256476475 -36.342320074024 -0.0342244426784292 -0.998263877454385 0.0473354346941636 0.957850761495997
51.618534125 -0.999539574151137 0.0280847766466467 0.0145546635446886 -9.4304642385 -0.0159796671402699 -0.0504984152515072 -0.998564681659455 -36.40986353445 -0.0272458472327497 -0.998304879015832 0.0508714606237389 0.962399930249997
51.685202667 -0.999531359211596 0.0303502923908123 0.00978576856840723 -9.43228126052 -0.0112397616802558 -0.0474585516449653 -0.998778305315801 -36.47644884647 -0.0297848363231956 -0.998387656595834 0.0477253624368655 0.965030002829997
51.7518715 -0.999546741371587 0.0296357354698377 0.0103797540051688 -9.434231742056 -0.0114210640826181 -0.0345200216877692 -0.999307030740885 -36.544008521376 -0.029192962482639 -0.998939421946269 0.0347911844247194 0.965955804403997
51.818539333 -0.999633162364475 0.0283732531568391 0.00285085373802601 -9.43494462189 -0.00354871342528551 -0.0238667874623528 -0.999677108497712 -36.614124782365 -0.0282317632683665 -0.999286709152012 0.0239079196042764 0.961736301634997
51.885197292 -0.999675049980428 0.026963623259922 -0.00162618743108134 -9.43443527802 0.0012349285719806 -0.013764969100676 -0.99987289070303 -36.68426021812 -0.0269180968580515 -0.999515463342663 0.013677046010056 0.954259957579997
51.9518785 -0.999726670439676 0.0246965355749754 -0.00407697335779062 -9.430253275568 0.00387464780819003 -0.00740239815289693 -0.999933526657217 -36.753300286428 -0.0246605377219473 -0.999640985612338 0.00725492193120284 0.947542421611997
52.018546792 -0.999527119433778 0.0258886883821007 -0.018851177879518 -9.42584033053 0.0184268789551223 -0.015705396331314 -0.999675324382329 -36.829201468255 -0.0261110462931581 -0.999515383964812 0.0151718160541469 0.943691972144997
52.085216583 -0.999327305207997 0.0330116088391402 -0.0183016731593311 -9.420546693638 0.017262426922429 -0.0308539085872083 -0.99934315198397 -36.902434423823 -0.033489103531757 -0.998953611451428 0.030213615955873 0.944847438716997
52.151884375 -0.999387703392234 0.0335406289338952 -0.0133803335327409 -9.41514363118 0.012219940437739 -0.0339421820578086 -0.999317417100671 -36.97748260353 -0.033906624063492 -0.998836013833218 0.0334614270924351 0.953326762869997
52.218552833 -0.999589187186758 0.0279619384274219 -0.0109321496622984 -9.41009527052 0.0101520742934254 -0.0271443533262823 -0.999548375252373 -37.04812454042 -0.0281810873341507 -0.999214926255573 0.0267992997286826 0.960493761179997
52.285222875 -0.999680236408763 0.0241216744804462 -0.0117183718954996 -9.407188500002 0.0112901415661402 -0.0169449200889825 -0.999761002869961 -37.115500474617 -0.0242495924468208 -0.999539136171494 0.0166175509990865 0.964866537142997
52.351891708 -0.99970989353683 0.0186193000704414 -0.0176965988500005 -9.40571225 0.0175811162361871 -0.00519611687462563 -0.999800246996488 -37.18369941445 -0.0186425426470903 -0.999785915692794 0.00481846025729245 0.966236590149997
52.418560333 -0.99966476189834 0.0236112669854297 -0.0138757004423029 -9.405633100842 0.0138335706888894 -0.00104576625291791 -0.999872047747696 -37.251333933607 -0.0235577736822502 -0.99969353589702 0.000669893349800093 0.962825832352996
52.4852275 -0.999525827527409 0.0320385962978585 -0.00116258327125651 -9.406298752188 0.00105397367898558 -0.00277063953991585 -0.999963912267239 -37.319561205248 -0.0319760122776023 -0.999456324395926 0.00268577825699241 0.955072641891997
52.55189675 -0.999503741058984 0.032720933023583 0.00108261812972499 -9.408907271868 -0.0013745541629156 -0.00828296835899492 -0.999932984235039 -37.389268224878 -0.0326452239131918 -0.999403979892754 0.00827370864562746 0.948384566361997
52.618566125 -0.99959819095783 0.0279212447038278 0.010179768915034 -9.41237834798 -0.0105565063988534 -0.0126750500104043 -0.999832276050199 -37.45752866673 -0.0277236125541204 -0.999503537289146 0.0129138377685993 0.943451305069997
52.685230583 -0.999861770575171 0.0186524614279284 -0.0028891702915933 -9.41535503599 0.00252998305938534 -0.0181563188181342 -0.999800319628646 -37.529906506065 -0.0186369403345786 -0.999634619809327 0.0180563892140279 0.945210833934997
52.751903375 -1.00002745222797 0.00495491399724571 -0.000527350182604804 -9.418882883282 0.000439725287738169 -0.0135718791035552 -0.999876119931424 -37.593856077747 -0.0048978048457732 -0.999867930990046 0.0135198578274833 0.953769448912997
52.818571667 -1.00002426204238 0.00456271243625557 -0.00320487364614847 -9.419597194022 0.00311934716932816 -0.0141826018108301 -0.999862814449524 -37.657533914087 -0.0045437676782004 -0.999861266480352 0.0141186474964235 0.959982806072997
52.885241417 -0.999972559118908 0.00484005433201828 0.010542215585681 -9.41990219562 -0.0105913800232623 -0.00613584679221346 -0.999893378053982 -37.72290996757 -0.00471175971691137 -0.999941372592703 0.00613629536375222 0.963652610329997
52.9519095 -1.00000782572454 -0.000526642058488626 0.00799508345318095 -9.419246139 -0.00801600918543027 0.00231577910115425 -0.999933568272558 -37.78563939025 0.000571121086796099 -0.999968412605298 -0.0023701915289839 0.965623940149996
53.018580458 -1.0000337109524 -0.000529011183012628 0.00345567423318982 -9.417822249058 -0.00348014208252051 0.00858802894456531 -0.999925341688371 -37.852830219893 0.000562550816832862 -0.999933798681245 -0.0086398131955937 0.962288019946996
53.085238458 -1.00003056537192 0.00190936554563721 0.00387670854044875 -9.416228404528 -0.0038698956712131 0.0138634094077336 -0.999864763850661 -37.922543345638 -0.00189952395071012 -0.999872863528669 -0.0139059264944928 0.955020993401997
53.15190725 -1.00002461736601 0.0018260192948225 -0.00521710219580729 -9.413326114056 0.0052123556565204 0.00882855588719927 -0.999915789339776 -37.990641591476 -0.0017160335344127 -0.99993038630277 -0.00888738429474128 0.947949453003996
53.218584875 -0.999932715322169 0.00589122874459296 -0.013399467994704 -9.41096723444 0.0133779064451938 -9.12716779174517e-05 -0.999878803043108 -38.06248376804 -0.00582741339251662 -0.999954322662459 -3.64455007636605e-05 0.942787619159997
53.285244708 -0.999914519815029 0.0136960266978882 -0.00794740537674749 -9.40762899781 0.0078145242512434 -0.00821309933954704 -0.999904084164032 -38.134065077185 -0.0136956489125961 -0.999845109106794 0.00805582489943601 0.945084592214997
53.351910125 -0.999905494066652 0.0103370970104149 -0.0127244575806382 -9.405642823912 0.0126180395962642 -0.00826727553270574 -0.999854545259993 -38.199665341802 -0.0103763372304447 -0.999884803068463 0.00808682039505584 0.952007981557996
53.418617833 -0.999785127472128 0.00716433529389746 -0.0214044445308694 -9.40638494892 0.021379287933308 -0.000541192107455971 -0.999739627203939 -38.26873561217 -0.00710929315878174 -0.999946019407043 0.000339509661298235 0.958029156729997
53.4852545 -0.999764642333895 0.0100730999034728 -0.0211913882852067 -9.4076600557 0.0213242561716946 0.0155052336316863 -0.999620756155593 -38.3371841628 -0.00967585052613142 -0.999800315234053 -0.0157641962734951 0.961208641299997
53.551917458 -0.999461465086173 0.014822494620573 -0.0306095125709331 -9.410266226938 0.0309826645381504 0.0272420956311822 -0.999116970876118 -38.407164931673 -0.0139100692277168 -0.999489948247862 -0.027733411181323 0.960060075166997
53.618594083 -0.999235748110384 0.0269736678354991 -0.0296635439455091 -9.414319611292 0.0304613183132045 0.0305234969964939 -0.999037996838008 -38.477873500132 -0.0259764128891617 -0.999141505691461 -0.0313684951174516 0.954609126227997
53.6852535 -0.999311863998674 0.0355994657676097 -0.01371982334376 -9.418827059212 0.0148972434407486 0.0336293580586673 -0.999291651843731 -38.547734681402 -0.0350474218437736 -0.998772146087293 -0.0341841403726046 0.948710089957996
53.751935333 -0.999424680091322 0.0340929954250879 -0.00824615473143874 -9.424495515964 0.00920283452913728 0.028617965593829 -0.99951650932367 -38.618779081994 -0.0337754039394027 -0.998981124262904 -0.028963390443921 0.943084406425997
53.818597542 -0.999564926118833 0.0302814634884107 0.00572571840029335 -9.42945708458 -0.00534860244265933 0.013175810926257 -0.999867237611349 -38.68642714368 -0.0302886122241568 -0.999427239785422 -0.0130577461847975 0.940715319019997
53.88526125 -0.999784723256132 0.0217008075056018 0.00629107792365552 -9.43479785306 -0.00639172434228474 -0.00365605994951713 -0.999941340580408 -38.75725796061 -0.021612617822162 -0.999730861318875 0.00374368744363821 0.945046033789997
53.951941208 -0.999953944291516 0.0110828951221803 0.00699920431881618 -9.43946799866 -0.00711316649045662 -0.00848019778574762 -0.999907050295359 -38.82163331136 -0.0109590150243811 -0.999875063092928 0.00850813242040652 0.953049622039997
54.018606458 -0.999957627293238 0.0111002969105044 0.00641682810346272 -9.44296421437 -0.00649481400161378 -0.00521037387732024 -0.999933611822855 -38.888039679595 -0.0110025983328736 -0.999897064084883 0.0052318947089406 0.959682353204997
54.085268292 -0.999773340596968 0.0130403717066684 0.0190469881520342 -9.44625696339 -0.0189374398376301 0.00990654953937945 -0.999739823794971 -38.954127443565 -0.0131626930316494 -0.999837482242849 -0.00970794761435154 0.962678204234997
54.151953875 -0.999615457182978 0.0133308739777412 0.0259049144449437 -9.4488104084 -0.0256564817812175 0.0198159057237958 -0.999442756654869 -39.019930871 -0.0137741189591294 -0.999686012066892 -0.0195169140157466 0.960072012599996
54.218606875 -0.999924324116002 0.00809374528023032 0.0128758719682924 -9.451066700244 -0.0126927624291626 0.0245908662414755 -0.999585435962459 -39.088710963474 -0.00834389830104962 -0.999635552969899 -0.0245359187784551 0.953655688445996
54.285273417 -0.999969364624873 0.00742514058823235 0.0092699635744174 -9.45148419599 -0.0090687288404866 0.0292481757445159 -0.999499378428621 -39.157067136365 -0.00762927632125714 -0.999514964388784 -0.0292291842663896 0.947198218334996
54.351954292 -0.999915059808241 0.00707015056689469 0.014127683576477 -9.450398547982 -0.0139555737946348 0.0264261826995729 -0.999521642649674 -39.221123952597 -0.00737708888574211 -0.999596202015093 -0.0263749269943612 0.943376320962996
