0 0 0 0 0 0 0 0 0 0 0 0 0
1655697058.76832 0.989475991079838 -0.0468419652683136 -0.136905417593218 0.0207259505987167 0.0481157054639828 0.998823702099427 0.0060075795540393 -0.0419647917151451 0.136462969205109 -0.0125316564825629 0.990565906753068 0.0481641106307507
1655697058.86915 0.99896063820109 -0.0412767735003501 -0.0193357517120918 -0.00125922076404095 0.0418122496054057 0.998728560704959 0.0281602168872314 -0.0496015995740891 0.0181488045833909 -0.0289394195104439 0.999416395147985 0.113262854516506
1655697058.97157 0.996185850928792 -0.0653764709693378 0.0577898559686109 -0.0266707316040993 0.0648063997990437 0.997829425110782 0.0116862709267009 -0.0467616319656372 -0.0584284259103732 -0.007896545237069 0.998260368650862 0.177725061774254
1655697059.06901 0.993331415275833 -0.0687357941678958 0.0925639780163972 -0.0481157936155796 0.0693363920592794 0.99758792965894 -0.0032844078599984 -0.0426064133644104 -0.0921149508077451 0.0096805577782267 0.995701322003134 0.253633350133896
1655697059.16933 0.993950468101905 -0.0631685092723424 0.089845458406718 -0.0583141557872295 0.0654524501475571 0.997597391043478 -0.0227029106708182 -0.0380705557763577 -0.0881954858804285 0.0284461740758856 0.995696927508948 0.332007318735123
1655697059.26814 0.996406221051909 -0.0553401501351448 0.0641257392321889 -0.0541893988847733 0.0566196593104373 0.998227921633986 -0.0183093050076153 -0.0322651341557503 -0.0629988637089993 0.0218742829210813 0.997773851590662 0.414820611476898
1655697059.36808 0.998208802080109 -0.0482402007920669 0.0353846079155182 -0.0468715280294418 0.0488415484347813 0.998673015394253 -0.0163313033724355 -0.0292793959379196 -0.0345498277316514 0.0180302898171572 0.999240320469917 0.48944827914238
1655697059.46936 0.998958115940562 -0.0453768291527305 0.0048606555655192 -0.0326284095644951 0.04544489456123 0.998854945541832 -0.0149519003789794 -0.0294330194592476 -0.0041766200211887 0.0151572142119897 0.99987639971275 0.554877638816833
1655697059.56887 0.997547555049756 -0.0412470094965392 0.0565469682816484 -0.0108076138421893 0.0417333049815593 0.999101043082331 -0.0074456005206874 -0.0250806119292974 -0.0561890262379542 0.0097872324683695 0.998372176801337 0.609479367733002
1655697059.6677 0.996756937477412 -0.0569311338652038 0.0568722567468006 0.00703269755467772 0.0571625480680696 0.998361880499994 -0.0024492167893534 -0.0355756841599941 -0.0566396565051147 0.0056922369362027 0.998378459177503 0.650297343730927
1655697059.76782 0.996684503522835 -0.0579466447869025 0.0571155565094214 0.0267498809844255 0.0572316708838634 0.998261681045233 0.0140766474910558 -0.0384968370199203 -0.0578319659468837 -0.010761157683393 0.998268331261706 0.684464693069458
1655697059.86733 0.997884841852224 -0.0515927030329695 0.039547887368541 0.0504930205643177 0.0507036421165941 0.998445077622655 0.0231639298739193 -0.036795798689127 -0.0406814832285566 -0.02110971257131 0.998949146332025 0.708479464054108
1655697059.98282 0.998690523929771 -0.0423624531507202 0.0286820497163825 0.0810321569442749 0.0421252617585327 0.999073367706256 0.0088242995107921 -0.0341796986758709 -0.0290292909774784 -0.0076045054496723 0.999549634466548 0.722093760967255
1655697060.06767 0.999595205422798 -0.0246991228099043 0.0141201497221524 0.112356059253216 0.0247001157516934 0.99969490018012 0.0001040947321264 -0.0311623178422451 -0.0141184127155881 0.000244716737425 0.99990030029804 0.732694745063782
1655697060.1682 0.999990464099922 0.0009483927088976 0.0042628934412563 0.146451935172081 -0.0008862414942655 0.999893635357742 -0.0145579032519729 -0.0257256850600243 -0.0042762466294215 0.0145539864762089 0.999884940976918 0.739408254623413
1655697060.26791 0.999865672951227 0.0156918808157671 -0.004732962101476 0.179281994700432 -0.0157978026064587 0.999605074141326 -0.0232405934459958 -0.023730194196105 0.0043664043099117 0.0233122420066894 0.999718697377429 0.745289921760559
1655697060.36828 0.999616623915243 0.026727131591746 -0.0072294971588238 0.202102959156036 -0.0268770630158116 0.999407418307461 -0.0215043185351283 -0.0181233026087284 0.006650464339882 0.0216903819443933 0.999742616204376 0.749505937099457
1655697060.4679 0.999525560620699 0.0303901850742401 -0.0050090235605589 0.235041216015816 -0.0304870499396144 0.999323832477084 -0.0205528010084607 -0.00791590940207243 0.0043810331950646 0.0206957603017468 0.999776220988315 0.758066356182098
1655697060.56811 0.999610030691972 0.0271976758656032 -0.0063303212797025 0.255711108446121 -0.0272641985310004 0.999571306281792 -0.0106708545381647 -0.00991062726825476 0.0060373850677976 0.0108392843685392 0.999923026985538 0.760936796665192
1655697060.667 0.999907870776724 0.0133685502363033 -0.002351982852327 0.278576225042343 -0.0133762074547481 0.999905185609606 -0.0032706062355252 -0.0145862624049187 0.0023080365867438 0.0033017655276759 0.999991885622836 0.766733169555664
1655697060.7681 0.999970418035407 0.0013334193656076 0.0075752918681894 0.298099517822266 -0.0013665556808088 0.999989514385067 0.0043707717270334 -0.024626586586237 -0.0075693843649324 -0.0043809944891552 0.999961754922468 0.769680678844452
1655697060.86695 0.999943120313156 -0.0101994932660664 0.003118729790253 0.317564755678177 0.0101708535764938 0.999907184721727 0.0090650802200046 -0.0261055175215006 -0.00321089954914 -0.0090328444570392 0.999954047866751 0.775426745414734
1655697060.96788 0.99978883830026 -0.0182060081224721 0.0095299568971012 0.333266764879227 0.0181183707409689 0.999793493931869 0.0092029415514237 -0.0347188822925091 -0.0096955377318088 -0.0090283309504359 0.999912239043178 0.777149379253387
1655697061.06667 0.999712410326663 -0.017745063245077 0.0161310064559746 0.357749700546265 0.0174152986568232 0.99964105444665 0.0203585273898541 -0.0366886779665947 -0.0164864796590457 -0.0200717461925465 0.999662603578444 0.778038322925568
1655697061.16817 0.999703480446084 -0.0239768209415088 0.0042500872374202 0.378230959177017 0.0239163120781938 0.999619292362791 0.0137579196352811 -0.0334184728562832 -0.0045783403723729 -0.0136521937303583 0.999896322828414 0.779572248458862
1655697061.26675 0.999486550348596 -0.0306267666733836 0.0094147137714424 0.387237012386322 0.0304638221437783 0.999391475142103 0.0169892599510401 -0.0325253121554852 -0.0099293107845564 -0.0166937286555728 0.999811346310352 0.781057238578796
1655697061.37011 0.999109549949114 -0.0394318466795727 0.0150078868571584 0.3959601521492 0.0392647526700706 0.999165281808496 0.0112702629208898 -0.0348767153918743 -0.0154397667805177 -0.0106709463491516 0.999823856739664 0.781001389026642
1655697061.46698 0.998852558026519 -0.0446561704889342 0.0173029986170764 0.400624662637711 0.0445463666086203 0.998984981431154 0.0066804264061376 -0.0319739915430546 -0.0175837580127146 -0.0059019752846537 0.99982797427452 0.782747745513916
1655697061.56736 0.998699097977762 -0.0437566074435339 0.026181501168498 0.416584610939026 0.0436656191271364 0.999038044505738 0.0040372436630483 -0.0383650586009026 -0.0263329718157189 -0.0028887601464024 0.999649053248273 0.783094882965088
1655697061.66681 0.99878393809813 -0.0409301159402618 0.0274840063729244 0.427855670452118 0.0410767834484479 0.999144496456122 -0.0047930223211964 -0.037052609026432 -0.0272643147487616 0.0059161482874332 0.999610752408517 0.786373138427734
1655697061.76689 0.999043338352001 -0.0334695139390607 0.0281460429043326 0.44871512055397 0.0337394625083134 0.999388581240457 -0.0091712788550559 -0.0377044305205345 -0.0278218756402156 0.0101121374036403 0.999561747924054 0.784455716609955
1655697061.86839 0.999574188365193 -0.0248012937991464 0.0153732813658586 0.469411075115204 0.0249367353944338 0.999651330338321 -0.0086819917468562 -0.0356214791536331 -0.0151525965409703 0.0090616543033217 0.999844130472022 0.782617747783661
1655697061.96618 0.999742358817965 -0.0220244575626108 0.0054899229651986 0.492912918329239 0.0220687590937514 0.999723283835974 -0.0081440547811877 -0.0366599857807159 -0.005309035425859 0.0082631123246495 0.999951766395538 0.778897821903229
1655697062.06658 0.999660669529306 -0.0260311050589118 0.0009629982511448 0.515599966049194 0.0260294157114925 0.999659685479263 0.0017270625987659 -0.0316033288836479 -0.0010076278768083 -0.0017014102719929 0.999998044942663 0.772864699363708
1655697062.16611 0.999443077040037 -0.0325212275611906 0.0074769990407818 0.536701261997223 0.0325366736124278 0.999468633174861 -0.0019535019358315 -0.0296430476009846 -0.0074094957305436 0.0021956906631414 0.999970138711917 0.771017789840698
1655697062.2663 0.999340387971422 -0.0362159074504478 0.0026827256042859 0.557774186134338 0.0362117868297646 0.999342906528817 0.0015689694491984 -0.0264216978102922 -0.0027377844551711 -0.0014707882503721 0.999995170647438 0.769931197166443
1655697062.36645 0.999418288004508 -0.032935578076603 0.0088506100862772 0.583279371261597 0.032945802468595 0.99945662747743 -0.0010118750627743 -0.0301815420389175 -0.0088124742178145 0.0013028768945414 0.999960320617752 0.772980213165283
1655697062.46681 0.999568043383298 -0.027893895960989 0.0092551183138023 0.612573266029358 0.0278740573745991 0.999608875358901 0.0022656630795642 -0.0300243739038706 -0.0093146965791975 -0.0020067067125181 0.999954603747494 0.777244210243225
1655697062.56792 0.999490509848732 -0.0254039239849742 0.0193225611265225 0.633853018283844 0.0255590250107521 0.999642706564157 -0.0078227523025357 -0.0292849987745285 -0.0191169286974214 0.0083126325103863 0.999782697978878 0.781647741794586
1655697062.66604 0.999503951877887 -0.0226208877892637 0.0219122252661085 0.647097051143646 0.0228231628984079 0.999698776891506 -0.0090254482957736 -0.0335971973836422 -0.0217014611443534 0.0095210775258102 0.999719158397471 0.786516726016998
1655697062.76625 0.99955899470283 -0.0195869333701441 0.0223196807732823 0.675253212451935 0.0196972280338544 0.99979479035078 -0.0047324829869615 -0.0366053953766823 -0.0222224057304792 0.0051700317787297 0.999739683845228 0.789434254169464
1655697062.86561 0.999836782278604 -0.0139832270604138 0.0114401994625731 0.703523457050323 0.013949169311106 0.99989804954517 0.003051424469781 -0.0411471277475357 -0.0114817018902532 -0.0028913451439757 0.999929902865677 0.788179159164429
1655697062.96516 0.999917891750031 -0.0127466999525812 0.0013158261630869 0.723415672779083 0.0127326778023835 0.999867264730284 0.0101652268426121 -0.0374718867242336 -0.0014452246030589 -0.010147638203047 0.999947467002516 0.784454584121704
1655697063.06651 0.999928370385343 -0.011921486706823 -0.0010640738750449 0.757232010364532 0.0119322128737396 0.999871362337085 0.0107182589126185 -0.0402114056050777 0.0009361594139214 -0.0107301879238532 0.999941991653851 0.781650543212891
1655697063.16577 0.999845558828306 -0.0161221731456604 -0.0069952858678607 0.787177681922913 0.0161637448986524 0.999851787765928 0.0059275502637243 -0.0392670221626759 0.0068986840892329 -0.0060397048221776 0.999957964178244 0.779978632926941
1655697063.26574 0.999814864476113 -0.0190406129582421 0.0027734150044996 0.824740827083588 0.0190420885609577 0.999818554638668 -0.0005066196619947 -0.0334074757993221 -0.0027632654323109 0.0005593374828301 0.999996025744968 0.779381513595581
1655697063.36519 0.99978037527138 -0.0204331221100258 0.0046571174619859 0.853525817394257 0.0204545378161237 0.999780210044944 -0.0045982045645241 -0.0349222756922245 -0.0045621381989944 0.0046924538703348 0.999978583656534 0.776120185852051
1655697063.4653 0.999861276179514 -0.0166336418533337 0.0008662305519395 0.878123223781586 0.0166351175055706 0.999860138596782 -0.0017251408059409 -0.0324082896113396 -0.0008374140254064 0.0017393113348359 0.99999813676518 0.773944914340973
1655697063.56516 0.999889714205318 -0.0137174588816972 -0.0056912870456073 0.912667214870453 0.0137521973442998 0.99988676464721 0.0061102333456598 -0.0280218403786421 0.0056068257160342 -0.0061878271763138 0.999965136542383 0.768154382705688
1655697063.66854 0.999895890668152 -0.0135823635519065 -0.0048710599758007 0.942476570606232 0.0135635258406143 0.999900484480455 -0.0038796781467101 -0.0258113704621792 0.0049232704287895 0.0038132054881575 0.999980610248114 0.765160143375397
1655697063.7656 0.999874430243708 -0.0134876616966936 -0.008319058046229 0.980635404586792 0.0134598560976673 0.999903667547985 -0.003389380167363 -0.0244423933327198 0.0083639714640278 0.003276981239551 0.999959651873667 0.764126062393188
1655697063.86573 0.999846849013946 -0.0174568573005342 -0.001239616905874 1.011021733284 0.0174517909583163 0.999839758394091 -0.0039865432135919 -0.0224502012133598 0.0013090107836724 0.003964299135458 0.999991285373594 0.763449132442474
1655697063.96512 0.999785343036048 -0.0203958673341662 0.0036436857685273 1.03791761398315 0.0204311160999017 0.999742109181643 -0.0099138601943398 -0.0161203928291798 -0.0034405443181294 0.0099861766821777 0.999944217909213 0.765706360340118
1655697064.06525 0.999673953971457 -0.0255328506572937 -0.0002434920650952 1.06853246688843 0.0255302556802448 0.999645014015444 -0.0076191862402677 -0.012739728204906 0.0004379451732276 0.0076104856201753 0.999970943934198 0.766081035137177
1655697064.16574 0.999546402024517 -0.0300874800948632 0.0013167161366567 1.10138523578644 0.0300959718896663 0.999522565417437 -0.006990972561934 -0.0175258070230484 -0.0011057467430367 0.0070274293227687 0.99997469596048 0.766314268112183
1655697064.26604 0.999339015423172 -0.0362004762711609 -0.0033253226588501 1.1276171207428 0.0362102901121109 0.999339867711445 0.0029400157260269 -0.00700585450977087 0.0032166975364663 -0.0030584833191697 0.999990149219854 0.76444536447525
1655697064.36494 0.999177259047941 -0.0404457999774165 -0.00299036212354 1.16038918495178 0.0404512798546253 0.999179899151026 0.0017952968190391 -0.00923162139952183 0.0029152975089807 -0.001914783729951 0.999993917303351 0.762025713920593
1655697064.46551 0.999018019537397 -0.0442821725447992 0.0014442417699361 1.19409656524658 0.0442642580980853 0.998962625136172 0.01069341087183 -0.011446543969214 -0.0019162710151455 -0.0106189818608148 0.999941780870085 0.758652567863464
1655697064.56519 0.998822879697038 -0.0485060711241631 0.000126719426605 1.22483587265015 0.0485011956803613 0.998753332233101 0.0118074286299709 -0.0122921979054809 -0.0006992934224993 -0.0117873838222985 0.999930281855358 0.754380702972412
1655697064.66514 0.998804618971373 -0.0488436162808821 -0.0019063761583128 1.26302659511566 0.0488602711476353 0.998755793390366 0.0099769270098111 -0.011790351010859 0.0014166950379666 -0.0100581468365441 0.999948411998031 0.75425124168396
1655697064.76501 0.998903652471399 -0.046743939313721 -0.0025489638548686 1.29198241233826 0.0467532786302483 0.998899479258198 0.0037364789607208 -0.00810846406966448 0.0023715009214892 -0.0038515548985716 0.999989770701802 0.752845644950867
1655697064.8653 0.999027581897312 -0.0440884654380466 -0.0003127678490959 1.3237327337265 0.0440888092269951 0.999026902274606 0.0011939148003679 -0.00524411397054791 0.0002598256240014 -0.001206543378034 0.999999238371571 0.749489665031433
1655697064.96515 0.999219085609056 -0.0392470066871867 -0.004570713368511 1.36564588546753 0.0392582721300335 0.999226210830833 0.0024015948909186 -0.00173125567380339 0.0044729211892673 -0.0025791577601564 0.999986670371802 0.749430358409882
1655697065.06473 0.999456700700797 -0.0327785193733838 0.0034455902203577 1.39663791656494 0.0328159270480412 0.999396081655707 -0.0114274626754067 -0.00108912761788815 -0.0030689340585223 0.0115343243802522 0.999928767965416 0.749861121177673
1655697065.16433 0.999580068592963 -0.027516796887483 -0.0090836314732178 1.42918622493744 0.0275148151573277 0.999621336926432 -0.0003430863882673 0.005491160787642 0.0090896324758658 9.30078745746773e-05 0.999958684111993 0.74608987569809
1655697065.26445 0.99979981460027 -0.0194775922063966 -0.004577567815718 1.4660416841507 0.0194510072565743 0.999794091368532 -0.0057821433117065 0.00798121653497219 0.0046892474844979 0.0056919475062354 0.99997280597605 0.745532870292664
1655697065.36418 0.999917108752188 -0.0113349612857066 -0.0061069040697885 1.48919010162354 0.011291581274396 0.99991110006834 -0.007091696020382 0.0173030067235231 0.006186745266275 0.0070221515772108 0.999956205826154 0.745499849319458
1655697065.46495 0.999980534095631 -0.0052223849507992 -0.0034143996900152 1.52474093437195 0.0051878229604666 0.999935998674564 -0.0100541060086869 0.021340299397707 0.003466687575823 0.0100361969953127 0.999943626824594 0.749471187591553
1655697065.56527 0.999952939617492 -0.0001169303915725 0.0097007668573034 1.55938124656677 0.0002631179537 0.999886409737144 -0.0150697840696826 0.0116346208378673 -0.009697902828894 0.0150716273258047 0.999839385466723 0.750351965427399
1655697065.66454 0.999974642993213 0.0070118706984935 0.0012438005882811 1.5997793674469 -0.0070036535818185 0.999954399258552 -0.0064921675867675 0.0119313625618815 -0.0012892661097234 0.0064832918163848 0.999978152121396 0.750114738941193
1655697065.76419 0.999931311705048 0.0115280625874338 -0.0021155719799722 1.63650727272034 -0.0115379394622251 0.999922308045232 -0.0047173961528653 0.00745611311867833 0.0020610251789497 0.0047414814643998 0.999986635175058 0.748304009437561
1655697065.86409 0.999872463145111 0.0152539711182622 -0.0047300961144938 1.67505741119385 -0.0152573598613294 0.999883367690989 -0.0006811644354833 0.0091377217322588 0.0047191539698364 0.0007532463405111 0.999988581037683 0.749301671981812
1655697065.96401 0.999752984128288 0.0166184138398956 -0.0147580163988349 1.71373510360718 -0.0165925279037189 0.999860576949173 0.0018747481514874 0.0115230018272996 0.0147871141317915 -0.0016294122600373 0.999889337012522 0.748454332351685
1655697066.06387 0.999790618041137 0.017458903088182 -0.0106727119271288 1.75357496738434 -0.017438812103522 0.999845986396236 0.0019726428352817 0.013120437040925 0.0107055083643918 -0.0017861103815285 0.999941099215531 0.749344348907471
1655697066.16558 0.999881250441772 0.0149998628548259 -0.0035339962272084 1.7880562543869 -0.0150082319173656 0.999884599970621 -0.0023536601934824 0.0155461337417364 0.0034982838238309 0.0024064197323472 0.99999098553655 0.747674882411957
1655697066.26363 0.99983084809279 0.0156353984267304 -0.0096855313788273 1.82462847232819 -0.0156713256489713 0.999870554682118 -0.0036446443006301 0.0164408907294273 0.009627292166375 0.0037958129184165 0.999946452091227 0.746042728424072
1655697066.36336 0.999859330631349 0.0130238353353144 -0.0105687588007643 1.85570526123047 -0.0130910412181523 0.999894368087276 -0.0063148481510865 0.0227434542030096 0.0104853988600698 0.0064523159024695 0.999924209142993 0.74360603094101
1655697066.46413 0.99989906883871 0.0138888105296829 -0.0029921693719404 1.89131546020508 -0.0138968440258458 0.999899839994494 -0.0026809895761497 0.0279713720083237 0.0029546339199844 0.0027223006918192 0.999991929576105 0.741399884223938
1655697066.56377 0.999910746160197 0.0123091966437618 -0.00519455400814 1.91787970066071 -0.0123175601156237 0.999922885887962 -0.0015811357588632 0.0314847715198994 0.0051746909237439 0.0016449788676946 0.999985258200524 0.74062567949295
1655697066.66397 0.999960015265679 0.0085812586267727 0.0025159233383227 1.94691216945648 -0.0085622906591534 0.999935549868399 -0.0074554200452015 0.0275362487882376 -0.0025797380743115 0.0074335798753129 0.999969042941683 0.743473708629608
1655697066.76403 0.999935585163909 0.0107522294599802 0.0036352557751816 1.98268890380859 -0.0107528881929929 0.99994217295071 0.000161709992789 0.0329280085861683 -0.0036333068161182 -0.0002007890751698 0.999993379360747 0.741490244865417
1655697066.86279 0.999951087022591 0.0098564865188393 -0.0008205095018328 1.99976742267609 -0.0098577134059178 0.999950279135493 -0.001504906394565 0.0342984274029732 0.0008056356158009 0.0015129211326284 0.999998531009372 0.741459727287292
1655697066.96942 0.999967665172202 0.0072033647923719 -0.0035749329677599 2.03697943687439 -0.0071932737106315 0.999970130274357 0.0028276089561153 0.0361372828483582 0.003595194484294 -0.0028018020545324 0.99998961218698 0.739565551280975
1655697067.06338 0.999950976915246 0.0064454579523036 0.0075166374151988 2.06321549415588 -0.0064038235290689 0.999964093930428 -0.0055499454147237 0.0405818484723568 -0.007552139462101 0.0055015381197403 0.99995634818119 0.735634624958038
1655697067.16377 0.999953154743113 0.0095332504794104 0.0016749491315061 2.09169292449951 -0.0095280769525197 0.999949893977028 -0.0030700626896328 0.0395551584661007 -0.0017041328830742 0.0030539598275409 0.999993884611545 0.731889486312866
1655697067.26366 0.999949176825813 0.0100172471011516 -0.0011395288030868 2.12770438194275 -0.0100161467864014 0.999949369352286 0.0009672308509769 0.0394098199903965 0.0011491600984435 -0.0009557680054758 0.99999888296867 0.728192389011383
1655697067.36475 0.999977005018593 0.0066764515184142 -0.0011892977625471 2.16690707206726 -0.0066792094032351 0.999974978757797 -0.0023302403507093 0.0386037789285183 0.001173710268112 0.0023381303356746 0.999996577769514 0.724777042865753
1655697067.46262 0.999913430373582 0.0088794257731732 -0.0097101779837064 2.1947557926178 -0.008918674604382 0.999952202559602 -0.004006225093873 0.0459885597229004 0.0096741408837013 0.0040924801942505 0.999944829780134 0.722290992736816
1655697067.56381 0.999913487030599 0.0105989203723563 -0.0077898229279596 2.22579193115234 -0.0105931888247069 0.999943588978193 0.0007766671974142 0.0440271571278572 0.0077976153298697 -0.0006940809404418 0.999969357253919 0.72202068567276
1655697067.66346 0.999905308868858 0.009783406802194 0.0096777191122609 2.25151586532593 -0.0097100564997438 0.999923993754947 -0.0075974677313841 0.0476341657340527 -0.0097513126626532 0.0075027771192021 0.999924307253732 0.724952459335327
1655697067.76435 0.999947509203401 0.0098472920667109 0.0028301372522584 2.28350424766541 -0.0098405088152506 0.999948698941988 -0.0024008062152823 0.0468156896531582 -0.0028536335032205 0.0023728302044723 0.999993113202611 0.728516519069672
1655697067.86308 0.999965391033968 0.0078361330302164 0.0027949514158228 2.31637692451477 -0.0078291265650756 0.999966204221561 -0.0025090221106164 0.0482371412217617 -0.0028145179892985 0.0024870532475776 0.99999294650244 0.73158723115921
1655697067.96313 0.999976382630461 0.0039311869788474 0.0056373708619197 2.35251188278198 -0.0038898191620833 0.999965566501461 -0.0073304241554778 0.0471435226500034 -0.0056659940155079 0.0073083226769391 0.999957241551591 0.731688916683197
1655697068.06331 0.999998473361664 0.0015991811233043 0.0007041974705159 2.38890981674194 -0.0015937286879135 0.99996926579384 -0.0076764247275737 0.0510320141911507 -0.0007164518210844 0.0076752907087387 0.999970287863257 0.731266856193542
1655697068.1629 0.999957449245791 0.0012661778167801 -0.0091376414674153 2.42250418663025 -0.0012885915811004 0.99999617479122 -0.0024474343024852 0.0477688163518906 0.0091345076270071 0.0024591048501757 0.999955255785852 0.728770136833191
1655697068.26356 0.999979022902656 -0.0001020258549942 -0.0064763682241162 2.46037030220032 0.000107827463752 0.999999593253982 0.000895469211835 0.0455598682165146 0.0064762742288673 -0.0008961487578501 0.999978627166359 0.722610652446747
1655697068.36205 0.999981737580398 0.0016388976462754 -0.0058170886355206 2.49733448028564 -0.0016116552791263 0.999987727701934 0.0046847638984303 0.045106828212738 0.0058246950950015 -0.0046753032016976 0.999972106844497 0.721592605113983
1655697068.46192 0.999823702091581 0.0041860780370212 -0.0183041385088974 2.53543376922607 -0.0039507111814965 0.999909296435864 0.0128759769453458 0.041631892323494 0.0183563781025923 -0.0128013925728667 0.999749552503601 0.723574757575989
1655697068.5623 0.999917873395797 0.0052287360486804 -0.0117007171985203 2.56720590591431 -0.0051529237131639 0.999965597549912 0.0065000841419753 0.0390551313757896 0.0117343018894535 -0.0064392574090244 0.999910417049041 0.726762175559998
1655697068.66189 0.999899611537158 0.0095033591855613 -0.0105096627934306 2.5976414680481 -0.0094960936948063 0.999954636531188 0.000741002239469 0.0383457466959953 0.0105162280491092 -0.0006411271088059 0.999944497411556 0.724306404590607
1655697068.76201 0.999928878226811 0.0113196932611944 -0.0037554004505029 2.6259925365448 -0.0112953497983469 0.999915458509565 0.0064413435352989 0.0440549440681934 0.0038279969963611 -0.0063984668538036 0.999972202644112 0.722086906433105
1655697068.86275 0.999914446263741 0.0119743091923686 0.0052646056301419 2.65302181243896 -0.0119705932108756 0.999928078434295 -0.0007367882182525 0.0438976474106312 -0.0052730495213968 0.0006737047308535 0.999985870435518 0.722926795482635
1655697068.96189 0.999930416841289 0.0117928317551946 0.0003009897011386 2.68501162528992 -0.0117915224033037 0.999922342439794 -0.0040334958939895 0.0432070456445217 -0.0003485326654759 0.0040296661038004 0.999991820124581 0.722706079483032
1655697069.06125 0.999868854443031 0.0161511117537212 0.0011897495113304 2.71593546867371 -0.0161470283474211 0.999863964769358 -0.0033653278067541 0.0474843606352806 -0.001243941448976 0.0033456755398787 0.999993629512135 0.721414268016815
1655697069.16249 0.999874077661731 0.0156718191653247 -0.002494574944259 2.75166988372803 -0.0156853721043387 0.999861798115508 -0.0055094256661465 0.0502769872546196 0.002407887466556 0.0055478602426269 0.999981711495104 0.719863176345825
1655697069.26177 0.99987358861319 0.0149622623280384 -0.0053793586800446 2.782546043396 -0.0149761151263117 0.999884614899309 -0.0025441822623291 0.0504709742963314 0.0053406712597824 0.0026244225436191 0.999982294661664 0.714156270027161
1655697069.36369 0.999903709487787 0.0135070405904617 0.0031830185439285 2.81660461425781 -0.0135018993088009 0.999907514651868 -0.0016312135911922 0.0501692481338978 -0.0032047570295383 0.0015880797249218 0.999993603747128 0.713552832603455
1655697069.46316 0.99989708089347 0.0122131136615267 -0.0075277802444722 2.85259413719177 -0.0122354104580039 0.999920872179348 -0.0029230311350237 0.0462381727993488 0.0074914852761389 0.0030148357803997 0.999967393675201 0.716984808444977
1655697069.56284 0.999912405284319 0.0129521036181486 0.0027248431869277 2.87788558006287 -0.0129466130228933 0.999914142464787 -0.0020230942008218 0.0451476313173771 -0.0027508125643262 0.0019876394981713 0.999994241143148 0.719197154045105
1655697069.66137 0.99992844790068 0.011700548839959 -0.0024892239316317 2.91530966758728 -0.0116966816208516 0.999930370675008 0.0015625110562894 0.0432765856385231 0.0025073328455767 -0.0015332835955318 0.999995681152382 0.720727384090424
1655697069.76093 0.999926375805957 0.0106807402080351 0.0057588849765072 2.94493174552917 -0.0106763494859522 0.999942692007163 -0.0007926305082427 0.0403777547180653 -0.0057670208269077 0.0007310882828018 0.999983103347604 0.720230221748352
1655697069.86228 0.999930814040805 0.0115134574301629 -0.0024098609289712 2.98348212242126 -0.0115088503476433 0.999931933461558 0.0019169787441956 0.0376277193427086 0.0024317679512455 -0.0018891113873923 0.999995258870159 0.722062408924103
1655697069.96221 0.999891291762497 0.0090749108818904 -0.0116211294636641 3.01632785797119 -0.0090478861247697 0.999956244344568 0.0023759530678307 0.0415320917963982 0.0116421825358776 -0.0022705481261318 0.999929649623916 0.721439242362976
1655697070.06175 0.999932339268164 0.0114409907543103 -0.0021025261606861 3.05059361457825 -0.0114444309211483 0.999933179331871 -0.0016315244855892 0.0399455949664116 0.0020837194119282 0.0016554763108544 0.999996458749528 0.721519589424133
1655697070.16158 0.999886115624266 0.0114425050529534 -0.0098399623947322 3.08313250541687 -0.0114120181759333 0.999929922803942 0.0031488605009844 0.0451179072260857 0.0098753036899519 -0.0030362080652727 0.999946628484548 0.720720529556274
1655697070.26085 0.999971140578211 0.0070597907907375 0.0028066643372655 3.12460708618164 -0.0070489101895755 0.999967675683152 -0.0038678746068107 0.0453596860170364 -0.002833879999287 0.0038479790573403 0.999988581025465 0.719425022602081
1655697070.36075 0.996479015087751 0.0106757516721495 -0.0831600914861266 3.13248324394226 -0.0113313362721592 0.999908302060501 -0.0074154088742629 0.044398445636034 0.0830733008133997 0.0083316142925513 0.996508610547469 0.714826047420502
1655697070.46144 0.99652341768958 0.0092186271210312 -0.0828015392989948 3.16228437423706 -0.0088732893316492 0.999950335767226 0.004537701560205 0.0461297668516636 0.082839258402743 -0.0037872038519249 0.996555725664284 0.708829045295715
1655697070.56098 0.996308311958729 0.0029113971750256 -0.0857978513043143 3.17703676223755 -0.0026307069295881 0.999990812527257 0.0033844116368071 0.0469376854598522 0.0858069164053726 -0.0031462084428707 0.996306817435992 0.704749166965485
1655697070.66111 0.997327173816297 -0.0319660057280733 -0.0657014676045396 3.18392181396484 0.0315324400457607 0.999473638311784 -0.0076257160034557 0.0402630791068077 0.0659106485505801 0.0055336062018936 0.997810185160506 0.703286290168762
1655697070.76123 0.995619326213293 -0.0908208300603958 -0.0222201282113551 3.18535137176514 0.090948670102326 0.995843965499232 0.0048099672954135 0.0521613284945488 0.0216909353695645 -0.0068097875080935 0.999741531655501 0.706967055797577
1655697070.86301 0.984412712584856 -0.175868032021933 -0.0014305991951902 3.18663549423218 0.175863572827068 0.984410556917348 -0.0028034232958147 0.0600785426795483 0.0019013294884221 0.0025081352454068 0.999995047089618 0.708718121051788
1655697070.96151 0.967346253185233 -0.253447402470593 -0.0023750009262621 3.21264696121216 0.253385298573507 0.967249536982068 -0.0149741001329188 -0.065922349691391 0.0060923653292818 0.0138833493395862 0.999885061242446 0.709489762783051
1655697071.05983 0.934574628905573 -0.355697494596157 0.0070395556697348 3.218186378479 0.35538405470709 0.934303505120572 0.0279129715251036 -0.0621745586395264 -0.0165056555749379 -0.0235850091674788 0.99958556946197 0.707679569721222
1655697071.1611 0.888909655446997 -0.457839186230015 0.0149299700380982 3.24936366081238 0.457241139948267 0.888780037747397 0.0316320160682985 -0.0307323485612869 -0.027751835829553 -0.0212914079847516 0.999388068547007 0.707217872142792
1655697071.2625 0.833440716592917 -0.552577867825535 -0.0058542219355185 3.24653291702271 0.552500165109764 0.83301987247413 0.0286611168112471 -0.020369790494442 -0.0109608156068966 -0.0271218003194823 0.999572042660589 0.705814361572266
1655697071.36131 0.770179823945981 -0.637490404863013 -0.0207128581835118 3.22132468223572 0.637791633720602 0.770072209421906 0.0145128988169392 -0.0409994870424271 0.006698562722273 -0.0243880295156612 0.999680125477044 0.702106535434723
1655697071.46109 0.695571172057454 -0.718452019636759 -0.0027276514590551 3.22820091247559 0.718444686724527 0.695531642153387 0.0085420653654949 -0.0309443827718496 -0.0042398962151703 -0.0079012811160632 0.999959795710212 0.700483977794647
1655697071.56194 0.613123993750838 -0.789947963251514 -0.007821997302902 3.25628471374512 0.789963421595399 0.613151873553295 -0.0016039012980517 -0.0523640066385269 0.0060630708648556 -0.0051957013836668 0.999968121421288 0.701815187931061
1655697071.66216 0.52289641848442 -0.852377950733487 0.005582529851957 3.28173613548279 0.852353099806927 0.522924629477696 0.006635143942444 -0.0408606082201004 -0.008574892750865 0.0012887936204477 0.999962404405943 0.705801486968994
1655697071.76008 0.429000997737168 -0.903303820377019 0.0005933235178451 3.28538870811462 0.903084038148785 0.428910927750307 0.0217861446165666 -0.0141649944707751 -0.0199339906039258 -0.008810456778929 0.999762477726559 0.711635947227478
1655697071.86014 0.333963021316449 -0.942557929836845 -0.0072972114447638 3.2960524559021 0.942578468362621 0.333918973410423 0.0066294928693983 -0.00195354572497308 -0.0038120037204538 -0.0090921998553838 0.999951399083688 0.713849306106567
1655697071.95984 0.235106809211319 -0.971927305370109 -0.0090609788914832 3.28975081443787 0.971925065824149 0.234996656249652 0.0117574646164128 -0.0157542675733566 -0.0092981011607672 -0.0115708524959159 0.999889824274316 0.713598728179932
1655697072.06015 0.131358631811806 -0.991334718914864 0.0006204212419644 3.29097318649292 0.991333853691313 0.131359380656425 0.0013797242806788 -0.00631203828379512 -0.0014492667320573 0.0004338058869211 0.999998855718541 0.708987593650818
1655697072.16028 0.0262024457013279 -0.999654359327926 0.0021432955801073 3.28787589073181 0.999649033181473 0.0261938121742871 -0.0039616490410191 -0.0108643816784024 0.0039041386521227 0.0022463482483614 0.999989855759013 0.707134366035461
1655697072.26113 -0.0629671341254503 -0.998013873191102 -0.0018571316921767 3.31040191650391 0.997992705189671 -0.0629529759835742 -0.0068908056868482 -0.00227204198017716 0.0067602077061227 -0.0022872981672851 0.999974533605163 0.701317369937897
1655697072.35992 -0.119216107483487 -0.992779171053261 -0.0133055341601083 3.32198762893677 0.992608921115952 -0.119480575679672 0.0212584514083102 0.00413969857618213 -0.0226947006481935 -0.010672842079511 0.999685471037983 0.696844816207886
1655697072.46018 -0.150006042753964 -0.988669472421703 -0.0055553072541766 3.33381509780884 0.988520733504572 -0.15008118678903 0.0173895601893648 0.0130276177078485 -0.0180262744037492 -0.0028829972925034 0.99983335699392 0.694915354251862
1655697072.55985 -0.163506955541118 -0.98646120305667 -0.0126400298125375 3.34634923934937 0.986123892174699 -0.163797276668801 0.0270207593917333 0.0153675181791186 -0.0287253332773801 -0.0080465532913923 0.999554955071622 0.69539886713028
1655697072.66111 -0.166031067811782 -0.98414342621769 0.0624131488853597 3.36384868621826 0.986049573287745 -0.16492705739855 0.0224789847838336 0.0393459871411324 -0.0118289281144173 0.0652746686729382 0.997797220926828 0.699181139469147
1655697072.75983 -0.16409028002105 -0.982820594443304 0.0844870353410682 3.37285757064819 0.9864453012792 -0.163468379714726 0.01427432722162 0.0405678525567055 -0.0002181439911256 0.0856841173821142 0.996322329591005 0.703061699867249
1655697072.86009 -0.164856164362985 -0.983185550470444 0.0785405526951172 3.37736034393311 0.986316963872898 -0.164240789031229 0.0142762038002733 0.0567174442112446 -0.0011365949464051 0.0798193996753247 0.996808693575351 0.70629608631134
1655697072.96048 -0.163550073602451 -0.984757387275162 0.0591968042349321 3.37945175170898 0.98653144526559 -0.163092925214101 0.0125062083500259 0.0852651745080948 -0.0026610010934887 0.060444900133126 0.998167988427337 0.708437085151672
1655697073.06016 -0.16409470532027 -0.985783604265337 0.0361055847133703 3.38072276115417 0.986432459766454 -0.163801224387528 0.0109618067967911 0.110323660075665 -0.0048918304301233 0.0374144951962132 0.999287859199868 0.710652887821198
1655697073.16041 -0.163779689309526 -0.986343090352809 0.0174218679522623 3.3822546005249 0.986495825351648 -0.163780514469086 0.0013891162699739 0.141173109412193 0.0014832172616485 0.0174141090358456 0.999847262772191 0.708312273025513
1655697073.2588 -0.162403337642851 -0.986703340892598 0.0064554623264421 3.38335514068604 0.986724443248988 -0.162398730155981 0.0012351269969752 0.180729627609253 -0.0001703450499581 0.006570351216695 0.999978400500457 0.705010235309601
1655697073.3591 -0.15924789199586 -0.98723252690065 -0.0034708391251648 3.38090538978577 0.987202611508462 -0.15927112874004 0.0079819409134499 0.216221898794174 -0.0084328361626969 -0.002155314183986 0.999962120230072 0.706081509590149
1655697073.45951 -0.156032162307027 -0.987751289156681 0.0011640855247313 3.38472676277161 0.987739543059866 -0.156036002963762 -0.0048333068369461 0.249237388372421 0.0049557443114703 0.0003956619874186 0.999987641948595 0.708612859249115
1655697073.55853 -0.149967408504239 -0.988656277535826 -0.008278965848828 3.38337159156799 0.988667689767277 -0.150016051366249 0.0056021016336965 0.280404061079025 -0.006780530713585 -0.0073450133752402 0.999950036342696 0.710448980331421
1655697073.65874 -0.145810052210958 -0.98931223356402 0.0008562679534774 3.3882360458374 0.989301206592196 -0.145804163176451 0.0049263207000944 0.301402300596237 -0.0047488219026515 0.0015654139980301 0.999987499006638 0.710450291633606
1655697073.75982 -0.142628709310625 -0.989717167456328 0.010815716463038 3.38781952857971 0.989774157372843 -0.142597348676467 0.0036212632217823 0.328989654779434 -0.0020417338868105 0.0112216127479839 0.999934951249365 0.706612825393677
1655697073.8593 -0.140482934235773 -0.990075780656956 0.0038070651462226 3.38878798484802 0.99007142454108 -0.140461565084193 0.0053965768127405 0.360008507966995 -0.0048082736719333 0.0045273933581239 0.99997819136903 0.703443348407745
1655697073.95922 -0.138821929618165 -0.990317259930653 -0.0004433289220029 3.39100646972656 0.990188765780125 -0.138811103563856 0.0160525901404493 0.383134096860886 -0.0159586960595845 0.001789472220554 0.99987105059065 0.704362034797668
1655697074.05907 -0.134355571339837 -0.990905191534874 0.0074486132388205 3.39336133003235 0.990894130676249 -0.13427974386534 0.0098879815341389 0.411864757537842 -0.0087978543581184 0.0087092925484417 0.999923370054925 0.707630455493927
1655697074.15942 -0.130230760773606 -0.991408305440097 0.0122278719621797 3.39662933349609 0.991478931232056 -0.13018193417285 0.0047109381183426 0.432218819856644 -0.0030786151540847 0.0127371864794135 0.999914139418641 0.711253464221954
1655697074.25855 -0.128278928609251 -0.991621086900111 0.0152360260535819 3.4003369808197 0.991735011021195 -0.12830190977899 -0.0005365275886499 0.459283858537674 0.002486843310726 0.0150412752819269 0.999883781070701 0.712378859519958
1655697074.35862 -0.129549349993735 -0.991495087022106 0.0124281264567886 3.39987111091614 0.991554288047052 -0.129613682314851 -0.0045152200709332 0.482301890850067 0.0060876737514928 0.0117382182553517 0.999912573408538 0.70816558599472
1655697074.45892 -0.130237561817172 -0.991463146919494 0.0062454617453315 3.39991235733032 0.991478433337511 -0.130215669520569 0.0037941583922372 0.514392018318176 -0.0029485112368451 0.0066863825648838 0.999973298928368 0.70442396402359
1655697074.55876 -0.13007303656887 -0.991474315068767 -0.0077257825928595 3.39719367027283 0.991409134853558 -0.13016460919571 0.0128491961556802 0.53913289308548 -0.0137452714295679 -0.0059880774750151 0.999887598903737 0.702865958213806
1655697074.65869 -0.128903887302422 -0.991645610845301 -0.004771826649593 3.39675712585449 0.991593517050055 -0.128948618020468 0.0107028433097512 0.565144658088684 -0.0112287480435781 -0.0033520742624075 0.999931337050456 0.705575227737427
1655697074.7586 -0.12549355035946 -0.99207951704482 0.0054406505395836 3.39317107200623 0.992083935768514 -0.125465104832373 0.0052888429223124 0.599894285202026 -0.0045643409417884 0.0060612976760657 0.999971213316788 0.705986261367798
1655697074.85849 -0.124222175811754 -0.992197377039622 0.010640302264822 3.39560341835022 0.992246092522109 -0.124257945439398 -0.0027667435344873 0.626125693321228 0.0040672977761406 0.0102141074437567 0.999939562722632 0.708163917064667
1655697074.95842 -0.125660119812479 -0.992054104692284 0.0061796158379617 3.38934779167175 0.99206537711759 -0.125681646744118 -0.0032266385325414 0.653265357017517 0.0039776642953271 0.0057251231321386 0.9999757002807 0.704223334789276
1655697075.0577 -0.128748073300477 -0.991646213608284 -0.0078562495994934 3.38394975662231 0.991628549088149 -0.128816279205989 0.0088986990541719 0.68142706155777 -0.0098363740650295 -0.0066447910335146 0.999929543766646 0.702112019062042
