0 0 0 0 0 0 0 0 0 0 0 0 0
1655508647.46549 0.998643730292552 -0.0323378390870736 -0.0408039717497683 -0.0256896931678057 0.0330047331113694 0.999330658475727 0.0157772818545376 -0.00535205146297812 0.0402664567552775 -0.0171026078025774 0.999042598324379 0.0423289313912392
1655508647.56535 0.998198061407568 -0.0456640684951976 0.0389284349883121 -0.0497508756816387 0.0456970936829285 0.998955341298216 4.14813086229374e-05 -0.00222300295718014 -0.0388896622652729 0.0017375097787386 0.999242000332583 0.0854457095265388
1655508647.66656 0.996764755733045 -0.046364228363956 0.0656534847259322 -0.065312571823597 0.0478040500915734 0.998645701074513 -0.020531354564083 -0.000335216871462762 -0.0646126498704829 0.0236034330894616 0.99763123619056 0.130328819155693
1655508647.76867 0.996266112972609 -0.0501649910566551 0.0702659648388529 -0.0761688873171806 0.0512124659849397 0.998600742398476 -0.013184862872001 0.000362758873961866 -0.0695062261253666 0.016734125417774 0.997441152939015 0.16300830245018
1655508647.86547 0.997064360507899 -0.0485506878260867 0.0592071931152601 -0.07662583142519 0.0490465624557016 0.998772311707207 -0.0069501135473215 0.00270144152455032 -0.0587970723442315 0.0098336198144718 0.998221520608072 0.183547794818878
1655508647.96603 0.998337728144778 -0.0474476368455916 0.0327185317594054 -0.074586033821106 0.0475621221822589 0.998864553129269 -0.0027292921034992 0.0041925716213882 -0.0325518831443319 0.0042809180832158 0.999460878996333 0.206351414322853
1655508648.06577 0.994129332080257 -0.0560797724671779 0.0925306987852772 -0.0689376220107079 0.056629803268503 0.998389700557137 -0.003327341761998 0.0023382727522403 -0.0921951000836422 0.0085478033119652 0.995704272652833 0.225283160805702
1655508648.16589 0.995492930060199 -0.0557517927515594 0.0767174283011829 -0.0536501742899418 0.0554475298424837 0.998443017256399 0.0060920215285523 0.00233114440925419 -0.0769376217108824 -0.0018107724662799 0.997034263939083 0.237960249185562
1655508648.26574 0.996658557386345 -0.0521982112891259 0.0628256852472379 -0.0329060405492783 0.0523812740564491 0.998626352229371 -0.0012691577065631 0.00271367630921304 -0.0626731371226333 0.0045558063256387 0.998023708391705 0.250921040773392
1655508648.36588 0.997897357595205 -0.0508341832923667 0.0402088238264378 -0.00583550287410617 0.0506093778686002 0.998696783062388 0.006589868935753 0.00328136817552149 -0.0404914136115385 -0.0045410692392025 0.999169567247674 0.262255668640137
1655508648.46552 0.998826546978764 -0.0430445451874488 0.0221967605763676 0.0245747119188309 0.04296559997216 0.999068458264131 0.0040215570075944 0.00525830080732703 -0.022349189459827 -0.0030631407637717 0.999745533072866 0.276785135269165
1655508648.56443 0.99929719482355 -0.0372150594647886 0.0044895174369211 0.0556548945605755 0.03721180545678 0.999307075717836 0.0008061978139363 0.00645072106271982 -0.0045164092408599 -0.0006385681644819 0.999989597085024 0.29287850856781
1655508648.66462 0.999406577146386 -0.0343918899377511 -0.0019213180511166 0.0882341340184212 0.0343805773376058 0.999392900915901 -0.0056396365869469 0.00791678112000227 0.0021141093814747 0.0055702338738635 0.99998225136055 0.303005039691925
1655508648.76508 0.999504131420903 -0.0311150950776019 -0.004831369459789 0.117572858929634 0.0311077942552052 0.999514788213953 -0.0015790117772486 0.0112460944801569 0.0048781563239621 0.0014279355477962 0.999987082212041 0.314623236656189
1655508648.86415 0.999499464160735 -0.031466557625481 -0.0032675516225905 0.145905151963234 0.0314568186753595 0.999500638586529 -0.0029903217128615 0.0117870904505253 0.0033600150638901 0.002886038170769 0.99999019049311 0.320455342531204
1655508648.96509 0.999469036416468 -0.0325685148736352 0.0009680308170289 0.169330909848213 0.0325694377149811 0.999469020456744 -0.0009533489213878 0.0110166762024164 -0.0009364676539419 0.0009843709472296 0.99999907702066 0.3264100253582
1655508649.06506 0.999455981645912 -0.0317846891619008 0.0088019479144275 0.197299882769585 0.0317780296047765 0.99949454975119 0.0008954619497271 0.0116692194715142 -0.0088259609473925 -0.0006152662405867 0.99996086116448 0.335730612277985
1655508649.16435 0.999516174338969 -0.0296922191380799 0.0092622544473998 0.226521909236908 0.0296804294433534 0.999558447653225 0.0014077759528559 0.0113432090729475 -0.0092999646693016 -0.0011321871451125 0.999956113441694 0.34063646197319
1655508649.26443 0.999515244274783 -0.0296671332976411 0.0094412745018917 0.250331312417984 0.0296604644148282 0.999559673943412 0.0008456221597744 0.0125686172395945 -0.0094622044480546 -0.0005651796531971 0.999955072620237 0.346602857112885
1655508649.36347 0.999507453608137 -0.0294845847251421 0.0107475320592146 0.279174447059631 0.0294613098803305 0.999563234683266 0.0023175611451302 0.0142093431204557 -0.01081117023791 -0.0019997832663049 0.999939557905864 0.352292418479919
1655508649.46381 0.999596993614517 -0.028151620301411 0.0036519352712361 0.308856874704361 0.0281504608914177 0.999603629323753 0.0003685028924498 0.0125169418752193 -0.0036608617046913 -0.0002655507224001 0.999993263764508 0.360597312450409
1655508649.56331 0.999616821716477 -0.0273189844451188 0.0044590167455134 0.339661121368408 0.0273182805108095 0.999626762204852 0.000218709343299 0.0123518826439977 -0.0044633273890823 -9.68128683719632e-05 0.999990034618289 0.361595183610916
1655508649.66372 0.999717137422314 -0.0237725131678754 0.0007160738916187 0.370779782533646 0.0237739254945801 0.999715293184941 -0.002032987635216 0.0135742500424385 -0.0006675407951734 0.0020494364664411 0.99999767709703 0.369033217430115
1655508649.76347 0.999800638156405 -0.0198977177947749 -0.0016627593348215 0.400793075561523 0.0198948098697685 0.999800551554536 -0.0017474700256929 0.0137834912165999 0.0016971983654831 0.0017140413660215 0.99999709078572 0.370201617479324
1655508649.86482 0.99984014536659 -0.0178795960677587 6.13006440461555e-05 0.432074844837189 0.0178795616582534 0.999840011498785 0.0005221886812093 0.0138081395998597 -7.06273593391694e-05 -0.0005210091782842 0.999999861780596 0.372535109519958
1655508649.96391 0.999865895892868 -0.0163702405173332 -0.0004532722776605 0.466001182794571 0.0163697027598382 0.999865327899451 -0.0011657169801517 0.0112196411937475 0.000472294301871 0.0011581407202624 0.999999217823776 0.375042945146561
1655508650.06298 0.999896870418443 -0.014311947900735 -0.0011902414415682 0.496821343898773 0.0143123496636528 0.999897518715626 0.0003297172111013 0.0113251395523548 0.0011854005685493 -0.0003467183591991 0.999999237305645 0.383012264966965
1655508650.16422 0.999895019347219 -0.0143386867770294 0.0020862277285832 0.527560532093048 0.0143464274033038 0.999890075440854 -0.0037439358494644 0.0107310637831688 -0.0020323152774611 0.0037734727232898 0.99999081525693 0.387562841176987
1655508650.26326 0.999840606003448 -0.0174364918147911 0.0038381427607256 0.560538828372955 0.0174444127460793 0.999845753480936 -0.0020400269813617 0.012518753297627 -0.0038019798268027 0.0021066559598046 0.999990553430413 0.390155434608459
1655508650.36258 0.999805876168229 -0.0196295453033494 0.0017002737028222 0.591203391551971 0.019629344480797 0.999807316779378 0.0001347207272552 0.0114636709913611 -0.0017025905952282 -0.0001013193165271 0.999998545458773 0.39682936668396
1655508650.46314 0.999753232228916 -0.0222098878806316 0.0004421856678906 0.626323163509369 0.0222074678875434 0.999741470275234 0.0048806743321547 0.0117667121812701 -0.0005504705794506 -0.0048696501150084 0.999987991672849 0.399123281240463
1655508650.56271 0.999731800187749 -0.0231583656170478 -0.0001333990617345 0.659363687038422 0.0231586823390883 0.999726207162923 0.0033445693224972 0.00848351325839758 5.59077788250233e-05 -0.0033467616561279 0.999994398014678 0.395677030086517
1655508650.66319 0.99967516971396 -0.0247676093933932 -0.0060100401248557 0.692138612270355 0.0248156696890029 0.999659564578117 0.0080583798232658 0.00965968146920204 0.005808407290504 -0.0082049053879989 0.999949469689505 0.394833534955978
1655508650.76262 0.999677790714579 -0.0249512995266589 -0.0046634111923108 0.726899862289429 0.0249611935714512 0.999686266132084 0.002075601691386 0.0116377919912338 0.00461015916278 -0.0021913372227227 0.999986972151973 0.394524931907654
1655508650.86248 0.999669624834025 -0.0251291663096631 -0.0054005726345933 0.756626725196838 0.0251439601128967 0.999680223932242 0.0026890795123345 0.00962473917752504 0.0053312713344272 -0.0028239828901553 0.999981801167699 0.396572381258011
1655508650.96326 0.99968592843466 -0.0249217597045453 0.0026363578970566 0.791743457317352 0.0249294566050084 0.999684924596807 -0.0029280927676346 0.0128803346306086 -0.0025625540211816 0.0029928961067456 0.999992237914766 0.398150324821472
1655508651.06274 0.999719444645482 -0.0235205627616157 -0.0027955545258267 0.824411869049072 0.0235118324592867 0.99971870317133 -0.0031158086977706 0.0126468911767006 0.0028680537192334 0.0030492059313147 0.999991238267142 0.397885531187057
1655508651.16738 0.999735153389388 -0.0227978125284829 -0.0031436955027113 0.861041188240051 0.0227883324676636 0.999735753460804 -0.0030191315808826 0.0132610816508532 0.0032116943878342 0.0029466923958236 0.999990500966426 0.395143091678619
1655508651.26351 0.999740318799506 -0.0225682885692216 -0.0031571059086662 0.892354071140289 0.0225657902640851 0.999745019959367 -0.0008247279569546 0.0123996241018176 0.0031749136081969 0.0007532712008322 0.999994676238868 0.393653303384781
1655508651.36225 0.999705775823756 -0.0230240338750029 -0.0076325388138751 0.925595819950104 0.0230457784707535 0.999730564097807 0.0027733199161616 0.0119533836841583 0.0075666293221979 -0.0029484017370679 0.999967025980306 0.395900815725327
1655508651.4622 0.999722793061421 -0.0233283735915478 -0.0031818263692589 0.959260225296021 0.0233388114353819 0.999722219852366 0.0032837500271241 0.0117938136681914 0.0031043379736463 -0.0033570997944843 0.999989546428719 0.399125814437866
1655508651.56407 0.999739374210708 -0.0224273680642861 -0.0042657724378594 0.992289662361145 0.0224445290813292 0.999740013398666 0.0040185474930133 0.0120909046381712 0.0041745379504716 -0.004113243409437 0.999982827083323 0.400767773389816
1655508651.66221 0.999775298151692 -0.0209611017871758 -0.0031599711332145 1.02372026443481 0.020962257128588 0.999780212310746 0.0003329383631625 0.00965521298348904 0.003152297855542 -0.0003991036787103 0.9999949518545 0.401399880647659
1655508651.76342 0.999826326207213 -0.0183258426042821 -0.0033883500160709 1.0566269159317 0.0183407728148244 0.999821983910491 0.0044290565411073 0.0104180481284857 0.0033065806421933 -0.0044904322879212 0.999984451150279 0.399495154619217
1655508651.86193 0.999866820601671 -0.0158684067538915 -0.0038124437043089 1.09270942211151 0.0158687822477426 0.9998740806174 6.82604073994893e-05 0.0109168747439981 0.0038108804598417 -0.0001287501554949 0.999992730280335 0.396820545196533
1655508651.96226 0.999887574578957 -0.0146579471519428 -0.0031595550163715 1.12527525424957 0.0146652829271144 0.999889787735029 0.0023112463880187 0.012396115809679 0.0031253286672462 -0.0023573223134092 0.99999233764676 0.394226491451263
1655508652.06224 0.999908846891084 -0.0124985275697695 -0.0051073199949868 1.15374791622162 0.0124940735481952 0.999921538222365 -0.0009030643340931 0.0129385683685541 0.005118206240058 0.00083917078532 0.999986549788185 0.397480249404907
1655508652.16212 0.99992873598444 -0.0116319609622051 -0.0026870870349993 1.18536865711212 0.0116375517323336 0.999930129634128 0.0020744251140675 0.013322738930583 0.0026627696552992 -0.002105548396583 0.999994238145257 0.399023771286011
1655508652.26179 0.999933907242167 -0.011076699439061 0.0030802397552328 1.21890425682068 0.0110935770712704 0.9999232429659 -0.0055173113307924 0.014382972382009 -0.003018889725842 0.0055511175535934 0.999980035500074 0.402123659849167
1655508652.3618 0.999921624395733 -0.0123688670102133 -0.0019380904731948 1.25058996677399 0.0123593817610723 0.999911945027561 -0.0048319637502567 0.0168502349406481 0.0019976857317167 0.0048076314421322 0.999986447873987 0.399817883968353
1655508652.46193 0.99988440155025 -0.0151610858087032 0.0011510923501869 1.28359746932983 0.0151666324652007 0.999872611496392 -0.004973332791167 0.0158921033143997 -0.0010755445890528 0.0049902160762151 0.99998697038879 0.392699509859085
1655508652.56157 0.999856863817189 -0.0159047921300182 -0.0057697023282706 1.30975663661957 0.015929447750145 0.999864073936521 0.0042528044204304 0.0189238246530294 0.0057012781050691 -0.0043441038620115 0.99997431176486 0.391686797142029
1655508652.66215 0.999910819125362 -0.0131096144708571 -0.002547901974847 1.34514319896698 0.0131123134814682 0.999913483335116 0.0010455045658979 0.0156650375574827 0.0025339753770792 -0.0010788202163005 0.999996207550673 0.389926195144653
1655508652.76178 0.999949544354074 -0.0099818664382874 -0.0011274256019526 1.37739622592926 0.0099868619085345 0.999939933573444 0.0045157318737811 0.0186615847051144 0.0010822824490903 -0.0045267634734114 0.999989168479917 0.390533715486526
1655508652.86133 0.999971495345764 -0.0074370973938945 -0.0013031033380059 1.40683102607727 0.0074388525063143 0.999971423798984 0.0013472411896349 0.0193368550390005 0.0012930465363226 -0.0013568963805226 0.999998243429891 0.390364110469818
1655508652.96189 0.99996715086243 -0.0079430878460946 0.0016138623064178 1.44192469120026 0.0079490148570757 0.999961561011294 -0.0036999544129885 0.0178811047226191 -0.0015844112082539 0.003712661488128 0.999991852859711 0.390511393547058
1655508653.06006 0.999951054445239 -0.0090158141975081 -0.0040747770750067 1.47528445720673 0.0090153242645861 0.999959351534779 -0.0001385876942899 0.0189927257597446 0.0040758609224742 0.0001018454744012 0.999991688458079 0.389862418174744
1655508653.16007 0.999941595342636 -0.0091174370387291 -0.0058032960865705 1.50760698318481 0.0091123924060397 0.999958080654496 -0.0008951192175694 0.0192904155701399 0.0058112140093051 0.0008421850272489 0.999982760109452 0.387540072202682
1655508653.26106 0.999950962895657 -0.0086448820293789 -0.0048309231774551 1.54277968406677 0.0086488221687634 0.999962281965143 0.0007953126162319 0.0199800040572882 0.0048238655807825 -0.0008370554118769 0.999988014757725 0.385820299386978
1655508653.36005 0.999962315784683 -0.0075789933463071 -0.0042338954156914 1.5732593536377 0.0075872946782771 0.999969318511085 0.0019480749320076 0.021829541772604 0.0042190010665283 -0.0019801253324883 0.999989139507859 0.387251913547516
1655508653.46128 0.999990035938476 -0.0040861083181838 -0.0017977048081036 1.60863316059113 0.0040847915332621 0.999991386689429 -0.0007355440725587 0.0245815142989159 0.001800694836667 0.0007281934941729 0.999998113614391 0.391889959573746
1655508653.55963 0.9999999918293 -3.68147517377049e-05 0.0001224176184984 1.64161360263824 3.75434116141789e-05 0.999982252749532 -0.0059575814272769 0.0249834079295397 -0.0001221961190411 0.0059575859745744 0.999982245961129 0.395855695009232
1655508653.66097 0.99999155707214 0.0032708355873283 -0.0024874523108133 1.67102801799774 -0.0032839387768385 0.999980657913098 -0.0052820020633448 0.0265738200396299 0.0024701276379734 0.0052901261088814 0.99998295637236 0.393751800060272
1655508653.76011 0.999995712300554 0.0027419940958075 -0.0010280315594264 1.7058926820755 -0.0027519119149358 0.99994845249696 -0.0097733990887532 0.0257796160876751 0.0010011799643692 0.0097761862356527 0.999951710744756 0.394905835390091
1655508653.8591 0.999998206667433 0.0011919415557594 -0.0014717123514121 1.73438322544098 -0.0011977921772374 0.999991358736269 -0.0039809228440532 0.0270076505839825 0.0014669546065894 0.0039826785104763 0.99999099311747 0.393076241016388
1655508653.96023 0.999992017174705 0.0001474434439262 -0.0039929747425613 1.7698734998703 -0.0001486962832017 0.999999939814293 -0.0003134658277917 0.0256576985120773 0.0039929282837601 0.0003140570659519 0.999991978913771 0.391637682914734
1655508654.06088 0.999990115954458 -0.001617469965243 -0.0041414712725254 1.8020555973053 0.0016296894550404 0.999994324192724 0.0029488463197785 0.0261799562722445 0.0041366780959783 -0.0029555664853084 0.999987076177028 0.390255153179169
1655508654.15993 0.999957498920951 -0.0014423507849543 -0.0091060406308155 1.83551359176636 0.0014750244940663 0.999992495185286 0.003582439929418 0.0246730428189039 0.0091008051566236 -0.0035957193048298 0.999952121927936 0.39037299156189
1655508654.26061 0.999996846107432 0.001628205920651 -0.001912255387792 1.87048709392548 -0.0016262545691035 0.999998155856955 0.0010215570302587 0.0236162655055523 0.0019139151665244 -0.0010184439943159 0.999997649847521 0.389696359634399
1655508654.3598 0.999970008330039 0.0061258650893066 -0.0047387991441715 1.9031320810318 -0.0061055425094396 0.999972153609581 0.0042911951811693 0.0254381597042084 0.0047649544684722 -0.0042621335414412 0.999979564504489 0.385047942399979
1655508654.45897 0.999966970444457 0.0076208449295827 -0.0028250208305122 1.93568658828735 -0.0076355538520383 0.999957156291339 -0.0052329627469518 0.0276829563081264 0.002785020198526 0.0052543605032026 0.999982317522763 0.382663369178772
1655508654.55884 0.999972863024855 0.0073043084437036 -0.0009593185262358 1.9694242477417 -0.007307465619752 0.999967755978391 -0.0033298573178942 0.0281839780509472 0.0009349652890251 0.0033367771427877 0.999993995861079 0.384092837572098
1655508654.65921 0.999946299428391 0.0103596357694821 -0.0002760546861368 2.00430059432983 -0.0103610937411134 0.999928661123112 -0.0059430969224258 0.0270878747105598 0.0002144666732465 0.0059456380032047 0.999982301539773 0.387911796569824
1655508654.76013 0.999882963441659 0.0147752326122028 -0.0039688689044469 2.03911161422729 -0.0147885722693967 0.999885021086034 -0.0033530192385758 0.0252097081393003 0.0039188709290075 0.0034113207173653 0.999986502579712 0.391478031873703
1655508654.85957 0.99985973850966 0.015362693885798 -0.0066701532191084 2.07129454612732 -0.0153902920423549 0.999873131242931 -0.0041061331332473 0.0265913121402264 0.0066062257186796 0.0042082128069038 0.999969323892851 0.390747547149658
1655508654.95952 0.999881462207366 0.0111937226546849 -0.0105717598908066 2.10859775543213 -0.0111905370220757 0.999937319017101 0.0003604414654886 0.0226927623152733 0.0105751319243036 -0.0002420950691063 0.999944052422315 0.385842502117157
1655508655.05819 0.99992052202651 0.0040448841305062 -0.0119410444519266 2.14098811149597 -0.0039623321378177 0.999968144767924 0.0069288796660559 0.0248395018279552 0.0119686905825878 -0.0068810145885505 0.999904696500607 0.379209727048874
1655508655.15909 0.999960430793218 -0.0002017754949102 -0.0088936007607352 2.17333006858826 0.0002357889523646 0.999992662200824 0.0038236040694369 0.0231146086007357 0.0088927639916754 -0.003825549785263 0.999953140860825 0.374303847551346
1655508655.25823 0.999968023417112 -0.0029840579972267 -0.0074194030179406 2.20610427856445 0.0030236153522043 0.99998124491812 0.0053261207467962 0.0236630663275719 0.0074033704132209 -0.0053483838565239 0.999958291578528 0.371422797441483
1655508655.35904 0.999994677878913 -0.0032313049274619 -0.0004504245941274 2.23956727981567 0.0032292487658203 0.999984691110519 -0.0044932724164951 0.0239020474255085 0.000464936831927 0.0044917939696905 0.999989803758356 0.371240317821503
1655508655.45884 0.999997364742348 -0.002009174170356 0.0011107328718793 2.26961660385132 0.0020109957132784 0.999996631059314 -0.0016412697105842 0.0243753008544445 -0.0011074315331771 0.0016434990644596 0.999998036251184 0.372211188077927
1655508655.56008 0.999998533220101 -0.0016669236400599 -0.0003936028779295 2.30073595046997 0.0016680673822067 0.999994335032512 0.0029236029301896 0.0233086235821247 0.0003887272253435 -0.0029242551980298 0.999995648801874 0.37847563624382
1655508655.65844 0.999997086793411 -0.0017261445720318 0.0016872550509627 2.33817386627197 0.001726753766606 0.999998444479484 -0.0003596665700581 0.0207062885165215 -0.0016866315899052 0.0003625789962896 0.999998511904068 0.380348324775696
1655508655.75852 0.99998927527834 -0.0021868105750006 -0.0040825467308453 2.3705849647522 0.0021993230485082 0.99999289078521 0.0030629001234987 0.0206931568682194 0.0040758197247635 -0.0030718461138691 0.999986975642695 0.378721386194229
1655508655.85787 0.999986103863737 -0.0011806561695559 -0.0051379110961806 2.40435791015625 0.001176950841607 0.999999045205112 -0.0007241378186712 0.0196844097226858 0.0051387611483126 0.0007180806871646 0.99998653865639 0.376255363225937
1655508655.9573 0.999972742729661 -0.0008193170448074 -0.0073377460639691 2.43788719177246 0.0008699936884622 0.999975776441734 0.0069057686562114 0.0194280650466681 0.0073319103036823 -0.0069119642165714 0.999949232632321 0.377331733703613
1655508656.05737 0.999987529363342 0.0010305123264814 -0.0048866309604767 2.47191214561462 -0.0010226757603378 0.999998187604414 0.0016059022931927 0.0183412060141563 0.0048882770060766 -0.0016008848275357 0.999986770870336 0.378741204738617
1655508656.15729 0.999989672307531 0.0019265394867112 -0.004116275486667 2.5029673576355 -0.0019062456894021 0.999986038530771 0.0049283842085575 0.0179393626749516 0.0041257127441969 -0.0049204866773181 0.999979383440084 0.378557056188583
1655508656.25772 0.999992231255186 0.0026641357587135 -0.0029051350971801 2.53381943702698 -0.0026729916809743 0.999991780059562 -0.003048758564244 0.0180853940546513 0.0028969889104319 0.0030565002811636 0.999991132591326 0.374703228473663
1655508656.35753 0.999981764049903 -0.0005409987163126 -0.0060148888629321 2.56704473495483 0.0005288035168795 0.999997801948048 -0.0020289075662873 0.0172511599957943 0.0060159732782828 0.0020256898728458 0.999979852120058 0.371339082717896
1655508656.45796 0.99999422847187 -0.002793680157025 -0.0019334875563744 2.59738397598267 0.0027959726034831 0.999995390367946 0.0011839679306825 0.0165846422314644 0.0019301710159937 -0.0011893670756151 0.999997429919602 0.372283190488815
1655508656.55741 0.999986710932921 -0.0048732881346929 -0.0016819691778406 2.63109493255615 0.0048851813870573 0.999962570732616 0.0071408778616029 0.0165311619639397 0.0016471066676122 -0.0071489996905192 0.999973089059426 0.371466368436813
1655508656.65718 0.99998434154941 -0.0055340674797655 -0.0008311155892724 2.66308784484863 0.0055364561835266 0.999980469119202 0.0028998332830771 0.0158123001456261 0.0008150514837843 -0.0029043893112244 0.999995450096553 0.37045818567276
1655508656.75673 0.999983177471666 -0.0047907134225795 -0.0032701435094677 2.6940381526947 0.0047963011192703 0.999987047555324 0.0017030023953905 0.0152806816622615 0.0032619425566805 -0.0017186583395591 0.999993202949034 0.368738949298859
1655508656.85718 0.999985770157022 -0.0008298560349024 -0.0052698028833604 2.72377157211304 0.0008386629590697 0.999998255180056 0.0016692157693744 0.0157424937933683 0.0052684084797234 -0.001673611605176 0.999984721331424 0.367670029401779
1655508656.95754 0.99999431845062 0.0031435574165995 -0.0012170099622104 2.75584840774536 -0.0031505231109818 0.999978421312832 -0.0057646433386993 0.0143185229972005 0.0011988622134117 0.0057684448046058 0.999982643736345 0.366728574037552
1655508657.05633 0.999976093476643 0.0059362699289403 -0.003545867245403 2.78837704658508 -0.0059446887749206 0.99997952530819 -0.0023684678120626 0.0144159309566021 0.0035317347806136 0.0023894902674427 0.999990908551523 0.369417548179626
1655508657.15678 0.999985198502346 0.0053718962933543 -0.0008634271468179 2.81923007965088 -0.0053746296261167 0.99998045195459 -0.0031951627621459 0.0124318087473512 0.0008462461855062 0.003199756070075 0.999994522699242 0.369776159524918
1655508657.25666 0.999990056823398 0.0044423452890129 -0.0003896442869291 2.85282111167908 -0.0044429252436248 0.999989004542676 -0.0015004029552042 0.0102291349321604 0.0003829746946123 0.0015021191968711 0.999998798483429 0.370235025882721
1655508657.35637 0.999978238127134 0.0048822922471246 -0.0044369465364561 2.88291597366333 -0.0048792909819642 0.999987860202288 0.0006869989541374 0.0084120836108923 0.0044402468024903 -0.0006653348505307 0.999989920718139 0.369767516851425
1655508657.45605 0.999983844334233 0.0048925505017686 -0.0028937899225809 2.9157087802887 -0.0048688191646427 0.999954920792853 0.0081517471808698 0.00564238568767905 0.0029335423075856 -0.0081375261441334 0.999962586799018 0.371548861265182
1655508657.55607 0.999973691893239 0.0061673309742241 -0.0038183177002632 2.94941234588623 -0.0061368647146066 0.999949646955117 0.007939927317786 0.000633260002359748 0.0038670935960208 -0.0079162859341665 0.999961188248888 0.37525349855423
1655508657.65626 0.99996557933981 0.008123128679975 -0.0016896496818986 2.98339009284973 -0.0081107418060037 0.999941092122913 0.0072130542346295 -0.000923979852814227 0.0017481427159464 -0.0071991016442283 0.999972558089751 0.372576653957367
1655508657.75611 0.99991289530153 0.0113745161765532 -0.006694937748887 3.0132782459259 -0.0113390394479292 0.999921594145707 0.0053133553906276 0.000235268060350791 0.0067548496734158 -0.0052369784091724 0.999963472364382 0.371595352888107
1655508657.85587 0.99959636321905 0.0139918318489202 -0.0247252761513602 3.04462456703186 -0.0141747054459837 0.999873347433231 -0.0072364921187748 0.00134703947696835 0.0246208928507696 0.0075840447109068 0.999668091869023 0.372404932975769
1655508657.95617 0.995962807857094 0.0073411888212524 -0.0894661517676032 3.07470512390137 -0.0070249971669823 0.999967918419176 0.0038485772986919 0.0028066320810467 0.0894915346846671 -0.0032045403899521 0.995982427626448 0.368659943342209
1655508658.05661 0.995601582891838 -0.0395583690980417 -0.0849271663107284 3.09627366065979 0.0392459006980773 0.999215280291144 -0.0053462988212433 0.00135904620401561 0.0850720131515863 0.0019897404334426 0.996372818532974 0.365015923976898
1655508658.15763 0.991221850358475 -0.113341805341269 -0.0680652520299616 3.11353182792664 0.114368314727332 0.993373393848589 0.0113661330348735 0.00579686323180795 0.0663259523742409 -0.0190508675844058 0.997616124812511 0.360551416873932
1655508658.25517 0.977397030857149 -0.20579576959959 -0.0484060459709568 3.12809681892395 0.206352795151155 0.978454359374961 0.0067520777128732 0.0060423300601542 0.0459735576710704 -0.0165881835970013 0.998804917969479 0.361390441656113
1655508658.35517 0.952054865802482 -0.303931534718721 -0.034887744342982 3.11077785491943 0.304299056473141 0.952559915727065 0.005629491948924 -0.0111617716029286 0.0315216866835352 -0.0159758928880146 0.999375381983695 0.363142251968384
1655508658.45615 0.91178754981671 -0.410657721721931 -0.0019234316712521 3.11073970794678 0.410662160419033 0.911780053025801 0.0037047137864924 0.00550777465105057 0.0002323773080129 -0.0041677925116929 0.999991287715231 0.36248242855072
1655508658.55555 0.860332403900643 -0.509707490626682 0.0051408946294359 3.10651540756226 0.509708528244835 0.86034630531151 0.0012046457233174 0.019181264564395 -0.0050369666491572 0.0015839620844412 0.999986059918382 0.360051929950714
1655508658.65644 0.802547943894468 -0.596529209122561 0.0083486774026386 3.10822749137878 0.596584479478815 0.802510586129493 -0.0079823552343737 0.00665024342015386 -0.0019381939409013 0.0113869141433715 0.999933288570062 0.362765371799469
1655508658.75618 0.733285357953967 -0.679876070160505 0.0078174825506576 3.09990096092224 0.679919208952517 0.733261427894997 -0.0061276144439534 0.0205135624855757 -0.0015662399900256 0.0098085465027815 0.999950668437097 0.362626075744629
1655508658.85465 0.656855265548685 -0.754009737461888 0.0032366546960702 3.10114765167236 0.753944139084895 0.656726473983569 -0.0166905215210346 0.00836228579282761 0.0104592189241247 0.013403513784189 0.99985546483366 0.364716380834579
1655508658.95498 0.580890398009139 -0.813959370294788 0.0060406133873872 3.11543607711792 0.813980605093761 0.580886193654791 -0.0026085537069992 0.0117336502298713 -0.0013856521852102 0.0064322259412899 0.999978352984434 0.363394528627396
1655508659.05521 0.482625624901882 -0.875818255031383 -0.0038588005714701 3.12953925132751 0.875820154415209 0.482600196530363 0.0060089457457054 0.0135400397703052 -0.003400486463419 -0.0062796865078851 0.999974500789482 0.366269826889038
1655508659.15561 0.396882365350227 -0.917865851405143 -0.0025820337569326 3.14818596839905 0.91777388232601 0.396798857934888 0.0155488668980123 0.0188995022326708 -0.0132472259078291 -0.0085407942183958 0.999875775204033 0.36281156539917
1655508659.25624 0.298600997285499 -0.954349886036768 -0.0073307190447048 3.16504812240601 0.9541223562023 0.298334404907137 0.0254384009653789 0.0211360361427069 -0.0220901293585235 -0.0145903348252014 0.999649512736645 0.357472330331802
1655508659.35628 0.194029673832559 -0.980967173204104 -0.0074760128665045 3.1799783706665 0.980633623318484 0.193745410633203 0.028642846852793 0.020667091012001 -0.0266492493269824 -0.0128887918177393 0.999561752247347 0.354031801223755
1655508659.45466 0.0932817384550473 -0.995582514523084 0.0106758628081313 3.19300150871277 0.995012868243927 0.0935980895854251 0.0344788290832653 0.0220774561166763 -0.035325759720046 0.0074063757569159 0.999348405861714 0.351052045822144
1655508659.55502 0.0240657969085816 -0.999093897173605 0.0351030205197876 3.2024040222168 0.999003563114902 0.0253541038733253 0.0367294200949346 0.019494853913784 -0.0375861450921009 0.0341841198107886 0.9987085298774 0.351734548807144
1655508659.65428 -0.0168818514198173 -0.994823607555116 0.100204755095069 3.21283936500549 0.999797696431611 -0.0156998247096115 0.0125730550834642 0.0219765901565552 -0.010934774926059 0.100396739763356 0.994887393297455 0.357911229133606
1655508659.75463 -0.0432744368380286 -0.993801613239192 0.102399592965654 3.22164297103882 0.998919106437146 -0.0412994570936283 0.0213301110776514 0.0456364564597607 -0.0169688512034511 0.103211958449356 0.994514630220131 0.361147224903107
1655508659.85464 -0.0568463053627445 -0.994767070795884 0.0848938892193242 3.22770142555237 0.998364199419356 -0.056118344654679 0.0109387709988964 0.0773265212774277 -0.0061174246503929 0.0853768484625425 0.996329950800562 0.36077156662941
1655508659.95402 -0.0636812849305464 -0.99651319922897 0.053908605176143 3.2339346408844 0.997918107962635 -0.0630326003023676 0.0136506812795937 0.120490737259388 -0.0102050845106569 0.0546656662043432 0.998452563314134 0.356976449489594
1655508660.05388 -0.0652295424453103 -0.997506227528098 0.0269524179812657 3.23983860015869 0.997766101052479 -0.0648086425471455 0.0162064012578713 0.1722312271595 -0.0144192365578168 0.0279493451418402 0.99950533751613 0.355553895235062
1655508660.15429 -0.0590238714884812 -0.998253237883428 0.0025798546014197 3.24147248268127 0.998221196848734 -0.0589998262741239 0.0085710361977539 0.207180753350258 -0.0084038536631276 0.0030811612869842 0.999959940041966 0.355400681495667
1655508660.25343 -0.0538094914918286 -0.998518260694239 -0.0081130564858347 3.24562549591064 0.9985074816575 -0.0538814033420363 0.0089220764338119 0.248773857951164 -0.0093459991113209 -0.0076208552042612 0.999927284789532 0.35570552945137
1655508660.3536 -0.0446680839441422 -0.998951990237494 -0.0099841613222258 3.24851036071777 0.998994478872648 -0.0447040001789787 0.003403461467959 0.284606754779816 -0.00384622655665 -0.0098220959345259 0.999944364938734 0.355136871337891
1655508660.4534 -0.0363258179007277 -0.999308073112337 -0.007988114067232 3.25014400482178 0.999339941734967 -0.0363273772512719 5.01517381697262e-05 0.313330501317978 -0.0003403042700801 -0.0079810196436118 0.999968093250206 0.356191009283066
1655508660.5547 -0.0312006580593676 -0.999513117090041 0.0002184069868389 3.25146865844727 0.999510866295268 -0.0312010524921778 -0.0021266125796681 0.341058731079102 0.0021323916962079 0.0001519484446973 0.999997714906051 0.35809651017189
1655508660.65329 -0.027705735248145 -0.999612108916514 0.0028326563220748 3.25501537322998 0.999615372376718 -0.027709074635983 -0.0011465125258744 0.368926882743835 0.001224558089335 0.0027998018317055 0.999995330772694 0.358430981636047
1655508660.75381 -0.0294133086618304 -0.999531381536939 0.0084778886771862 3.25884747505188 0.999562934532782 -0.0293869539800145 0.0032166510519026 0.395699709653854 -0.0029660043454263 0.0085687956350575 0.999958888434714 0.358054488897324
1655508660.85435 -0.0313027397427536 -0.999471620928503 0.0087531390454331 3.26346826553345 0.99948512735393 -0.0312390439830797 0.0073213611659686 0.421905964612961 -0.0070440530163233 0.0089778109567124 0.999934887993978 0.357617437839508
1655508660.95352 -0.0334974399124092 -0.999369516656562 0.0117682070403096 3.26579856872559 0.999384452112989 -0.0333704986546462 0.0108225086907745 0.449127793312073 -0.0104229743421045 0.0121234894799028 0.999872183135772 0.35520726442337
1655508661.05305 -0.034288350001981 -0.99939496226725 0.0058325336675261 3.26562476158142 0.999331273818034 -0.034210831237097 0.01290829947328 0.474518626928329 -0.0127009536400486 0.0062712375898257 0.999899673645174 0.360665917396545
1655508661.153 -0.0350464264542791 -0.999363265530258 0.0066941393386003 3.26976609230042 0.999360440533505 -0.034997145538992 0.0073423225754168 0.499181419610977 -0.0071033716968538 0.0069471802065592 0.999950638180562 0.36026069521904
1655508661.25372 -0.0323644009366997 -0.999426654146566 0.0099452769397922 3.26839089393616 0.999426413114492 -0.0322619355624502 0.0102962266323257 0.527827560901642 -0.0099694694496978 0.0102728036662305 0.999897534342258 0.362466990947723
1655508661.35287 -0.0250462357993699 -0.999636887389453 0.0099387847652178 3.26754117012024 0.999678738030351 -0.0250061548812665 0.0041367799190867 0.556848287582397 -0.0038867470109604 0.0100392025769518 0.999942052125668 0.361642330884933
1655508661.45283 -0.018079509870866 -0.999823370736541 0.0051340677684942 3.26636171340942 0.999836531521093 -0.0180782241690726 0.0002967267484249 0.586297810077667 -0.0002038595097798 0.0051385931844226 0.999986776563263 0.360986709594727
1655508661.55252 -0.0142313762927621 -0.999893378446916 0.0032710345193404 3.26632714271545 0.999886744536613 -0.0142471462018322 -0.0048494252316703 0.618128061294556 0.0048955110854488 0.0032016500615346 0.999982891557698 0.36405485868454
1655508661.65438 -0.0114469301848227 -0.999932884302249 0.0017873668702857 3.26735758781433 0.999926596813329 -0.0114539201827503 -0.0039507844489285 0.649139583110809 0.0039709916467431 0.0017420113180995 0.999990598266758 0.363629698753357
1655508661.77848 -0.0081703342091953 -0.999964180082371 -0.0022100206110508 3.26978540420532 0.999963920185416 -0.0081651543250361 -0.0023427723458004 0.681102275848389 0.0023246432685372 -0.0022290821069582 0.999994813599868 0.36190527677536
1655508661.85255 -0.0083609597373425 -0.99994071921373 -0.0069751279987152 3.26801824569702 0.999964797641132 -0.0083558324550632 -0.0007638995432024 0.713556826114655 0.000705571257727 -0.0069812693910803 0.999975381720415 0.362054139375687
1655508661.95247 -0.0109710491487266 -0.999913506421021 -0.007253671993901 3.27120161056519 0.999938561438246 -0.0109822387728842 0.0015045864371509 0.743996858596802 -0.0015841178579023 -0.0072367194469758 0.999972559854648 0.358659863471985
1655508662.05369 -0.0157958563553164 -0.999873546828375 -0.0018388243114631 3.27202033996582 0.99986347949295 -0.0158045626687827 0.0048205990394873 0.773382365703583 -0.0048490512735171 -0.0017624277842614 0.99998669018645 0.351933628320694
1655508662.15221 -0.0205077703258687 -0.999780187825533 -0.0043597463003809 3.27295660972595 0.999756192009924 -0.02054258601395 0.0080968325705956 0.804351508617401 -0.0081846132515965 -0.0041926353766734 0.999957716063294 0.348139733076096
1655508662.25235 -0.0248113546677322 -0.999688022825046 -0.0028729252864998 3.26895499229431 0.999675509860971 -0.0248274208971735 0.0056986099885571 0.834252536296844 -0.0057681594776058 -0.002730602817035 0.999979635864899 0.346424609422684
1655508662.35232 -0.025736338790464 -0.999668576528151 -0.0006147908939719 3.26707577705383 0.999664721066736 -0.0257379792043361 0.0028287596296286 0.865179598331451 -0.0028436455875352 -0.0005417828513519 0.999995810066779 0.344218611717224
1655508662.45151 -0.0242403806331293 -0.999706149866483 -0.0001336633622651 3.26497936248779 0.999701257537522 -0.0242398429025202 -0.0031345962991273 0.897940874099731 0.0031304352186832 -0.0002096072387652 0.999995078207962 0.346741676330566
1655508662.55192 -0.0207988106523954 -0.999781620065245 0.0020301859914013 3.26230263710022 0.999778891537532 -0.0208049537757942 -0.0030531843000568 0.928898692131042 0.0030947554715759 0.0019662344979545 0.999993278182644 0.349298447370529
1655508662.6523 -0.0158059982496353 -0.999874852176435 0.0006711218108256 3.25872135162354 0.999869274869169 -0.0158081896465299 -0.0033962203553973 0.961867570877075 0.0034064045466729 0.0006173534253463 0.999994007623452 0.349293023347855
1655508662.75186 -0.0109979602989799 -0.999938839502464 -0.0011671005643352 3.25699925422668 0.999936854569676 -0.0109952282577587 -0.0023220311933773 0.994952499866486 0.0023090566396896 -0.0011925644741456 0.999996623018003 0.350951492786407
1655508662.85253 -0.0095639312083507 -0.999954238402442 -0.0002287374801253 3.25622129440308 0.999931662913191 -0.0095621768109314 -0.0067256433370353 1.02779722213745 0.0067231483326233 -0.0002930454390796 0.999977356444069 0.35245144367218
1655508662.95177 -0.010194053496404 -0.999939772456102 -0.0040660464522361 3.25558876991272 0.999918491333762 -0.010162408518285 -0.0077289159603041 1.06119978427887 0.0076871296415769 -0.0041445040169815 0.999961864835018 0.351833254098892
1655508663.05117 -0.0088768297367748 -0.999926614063019 -0.0082442939231123 3.25503396987915 0.999935839598015 -0.0088182890327363 -0.0071101663798211 1.09323120117188 0.0070369440269144 -0.0083068807022539 0.999940736819818 0.349375337362289
1655508663.15209 -0.0081295996615546 -0.99993302932917 -0.0082368966201848 3.25586843490601 0.999966569669164 -0.0081220963792799 -0.0009439780138224 1.12718319892883 0.0008770139267663 -0.0082442954213474 0.999965630629162 0.349479913711548
1655508663.25214 -0.0098722846932392 -0.999921632923755 -0.0076984417921579 3.25597953796387 0.999938452720604 -0.0099108426517782 0.0049865788529678 1.16193497180939 -0.0050624861146286 -0.0076487390479282 0.999957933127847 0.346185714006424
1655508663.35074 -0.0145226982997396 -0.999889455188154 -0.0031888301353051 3.25428676605225 0.999801778807762 -0.0145647170161651 0.0135746864079198 1.19143640995026 -0.0136196302052983 -0.0029910569663781 0.999902774899287 0.345583885908127
1655508663.45144 -0.0113002072691243 -0.999935219976601 -0.0013642455871406 3.25324034690857 0.999882769009558 -0.0113136908961631 0.0103173948303457 1.22285735607147 -0.0103321611221466 -0.0012474969552189 0.99994584363249 0.346592038869858
1655508663.55059 -0.0050102954024035 -0.99998310697163 -0.0029466440821743 3.25158715248108 0.999967222347463 -0.0049914308203671 -0.0063749391420124 1.25578320026398 0.0063601234798962 -0.0029784878263723 0.999975338415698 0.347778916358948
1655508663.65118 0.0031262620009717 -0.99998944827973 -0.0033659790703401 3.25031757354736 0.999930520784459 0.0031642995813722 -0.0113552107809261 1.28930556774139 0.0113657419300816 -0.0033302458407773 0.999929862226856 0.347591251134872
1655508663.75029 0.002843819662626 -0.999984326248144 -0.0048228568061549 3.24626350402832 0.999906073939209 0.0029081930454499 -0.0133934951632465 1.32464802265167 0.0134073110355497 -0.0047843151293168 0.999898672036092 0.353881746530533
