0 0 0 0 0 0 0 0 0 0 0 0 0
1655532456.51804 0.997406954424645 0.0120582852412115 -0.0709504406074855 -0.128958359360695 -0.0126889324931275 0.999883833477199 -0.0084445570118551 0.00528233544901013 0.0708403716643242 0.0093229452418857 0.99744409589434 0.0123825380578637
1655532456.62075 0.99960532951736 0.0072632904936571 -0.0271372403109479 -0.161168470978737 -0.0072226198744931 0.999972642226477 0.0015964212308642 -0.00115617318078876 0.0271480931676234 -0.0013997891993178 0.999630442527417 0.0458122566342354
1655532456.7201 0.997910814326079 -0.0110750049989487 0.0636502232151213 -0.180004611611366 0.0108442993092085 0.999933322178886 0.0039689253947262 -0.00561439571902156 -0.0636899350255109 -0.0032703915010079 0.997964376476373 0.0944173187017441
1655532456.81851 0.997557692738709 -0.0272863777215008 0.0642969925320183 -0.192622005939484 0.0262382981099681 0.999509636000128 0.0170891560699655 -0.00993418786674738 -0.0647317647690473 -0.015360375442377 0.997784474471393 0.127120524644852
1655532456.91824 0.9972406529551 -0.0416229785042443 0.0614703811125432 -0.198577165603638 0.0407186038638351 0.999044246846774 0.0158930217939052 -0.0114516513422132 -0.0620731455064601 -0.013346179333303 0.99798236662986 0.150743186473846
1655532457.03468 0.997995244303923 -0.0524395944718485 0.0354341823439135 -0.197265267372131 0.0519667236213963 0.998548743340452 0.0141374258357468 -0.00833041220903397 -0.0361241191285137 -0.0122676853901584 0.999272010972166 0.164252057671547
1655532457.11854 0.997907246671803 -0.0626200769098471 0.0161199568146538 -0.191725954413414 0.0624943819085845 0.99801173554141 0.0081870600026341 -0.0060725980438292 -0.0166005804044757 -0.0071625197680406 0.999836546161825 0.175018101930618
1655532457.21848 0.995365204934425 -0.0694298882274733 0.066540209096233 -0.181378275156021 0.0691625052500971 0.997585410570436 0.006316366403575 -0.00233446387574077 -0.0668180864241123 -0.0016850037787746 0.997763751641081 0.183719098567963
1655532457.31939 0.994780710974208 -0.0698738871411901 0.0743570909155906 -0.166924268007278 0.0704409253842709 0.997503282542291 -0.0050276583378424 0.00204608775675297 -0.0738201402373143 0.0102391998288309 0.997219005876948 0.187319591641426
1655532457.4192 0.996130170059029 -0.0651595066643809 0.0589823955890596 -0.148345917463303 0.065713802738998 0.997810286525962 -0.0075052136917518 0.00584633182734251 -0.0583642050211419 0.0113521272999071 0.998230809371268 0.197853341698647
1655532457.51998 0.997557341026289 -0.0534063258977159 0.0450235018481115 -0.123644404113293 0.0538785069172416 0.998503824487434 -0.0093391100398385 0.00952935311943293 -0.0444573712327742 0.0117420968346552 0.99894227325957 0.204429626464844
1655532457.61873 0.998933136789812 -0.0421578886982608 0.0188494202502499 -0.0924153923988342 0.0422879987386406 0.999083939592601 -0.0065579578229968 0.0113530717790127 -0.0185556833866664 0.0073480656388281 0.999800826437657 0.2170370221138
1655532457.71958 0.999270693855938 -0.035646021636454 0.013690929192951 -0.0613351352512836 0.0358056623257994 0.999291472699086 -0.0115977211684892 0.0113226473331451 -0.0132678161761374 0.0120794756667931 0.999839012702311 0.23193185031414
1655532457.8182 0.999517753644049 -0.0310502296863388 0.0003786644698779 -0.0299224872142076 0.0310516103311925 0.999507846505569 -0.0044567106299407 0.0107420003041625 -0.0002400962201306 0.0044663195390448 0.999989997121761 0.242430821061134
1655532457.91822 0.999630536714121 -0.0270127434330149 0.0030169124714832 0.000410526525229216 0.0270242139432165 0.999627448533651 -0.0038283154069274 0.0110686561092734 -0.0029123752144501 0.0039084306730151 0.999988121049588 0.255251079797745
1655532458.01809 0.999758276294009 -0.0218123620830221 -0.0027585942056251 0.0286018457263708 0.02180685499299 0.999760179903934 -0.0020109086923675 0.00993827637284994 0.0028017953078115 0.0019502663442394 0.999994173185144 0.260733038187027
1655532458.11857 0.999828803196949 -0.0183692797436442 0.0022212292668066 0.0568259172141552 0.0183763056419739 0.999826067992148 -0.0031851458857545 0.00836884044110775 -0.0021623340881406 0.0032254185868693 0.999992460464693 0.269725650548935
1655532458.21874 0.999913672315728 -0.0131393216264251 -7.83790300542939e-05 0.082146130502224 0.0131395537783311 0.999898721487714 0.0054679880889052 0.00588925136253238 6.52543779314748e-06 -0.0054685459156364 0.999985047369703 0.278167635202408
1655532458.31779 0.999931917191418 -0.010270527535367 0.0055387043646912 0.111124664545059 0.0102555686223564 0.999943704151826 0.002722469349212 0.00403518648818135 -0.0055663537550464 -0.0026654814331614 0.999980955275951 0.284942209720612
1655532458.41845 0.999934824388541 -0.0105433382368734 0.00438006779397 0.134995430707932 0.0105063544212584 0.999909670488142 0.0083825641107295 0.00293713505379856 -0.004468052353296 -0.0083359992273554 0.999955272812264 0.293975055217743
1655532458.51855 0.999874606662005 -0.0112818663188225 0.011112625471254 0.154739648103714 0.0111865711537314 0.999900440642032 0.0086005482204625 0.00331607949919999 -0.0112085493406886 -0.0084751575934736 0.99990126518844 0.299382567405701
1655532458.61799 0.999749549389668 -0.0113648879547549 0.0192789475058324 0.182148650288582 0.0113071014660445 0.999931255724467 0.003103752845771 0.00412176642566919 -0.0193128959918845 -0.0028849864933694 0.999809326272435 0.303534597158432
1655532458.71884 0.999772811567742 -0.0116635344931686 0.0178406057368604 0.209717825055122 0.011670296416615 0.999931861970276 -0.000274951278662 0.00488366838544607 -0.0178361832094138 0.0004830939701132 0.999840805922991 0.308420121669769
1655532458.81854 0.999897071554291 -0.0084073171677371 0.0116259758813629 0.240472584962845 0.0084447726328235 0.999959297400637 -0.0031763748526709 0.00221375958062708 -0.0115987978830944 0.0032742266362971 0.999927371026317 0.312509804964066
1655532458.91835 0.999955516525918 -0.0031335604996353 0.008896390727717 0.267045855522156 0.0031509014910785 0.999993162090302 -0.0019358699420127 0.00125162268523127 -0.0088902637294178 0.0019638154786015 0.999958552460844 0.319195657968521
1655532459.01835 0.999998456690772 0.0014593853137913 -0.0009781669489803 0.299073487520218 -0.0014623379123451 0.999994356622671 -0.0030246141307832 0.000137470196932554 0.0009737473513727 0.0030260398734824 0.999994947436626 0.324158817529678
1655532459.1189 0.999989769894382 0.0033525571184167 -0.0030365222458542 0.329682618379593 -0.0033634060243411 0.999987954171089 -0.003574774487426 -0.00156493333633989 0.0030245010327722 0.0035849509743202 0.999989000199509 0.325565308332443
1655532459.21807 0.999992106762218 0.0039516387777222 0.0004134782113729 0.359631806612015 -0.0039515041475826 0.999992139666024 -0.0003259158455667 -0.00257674674503505 -0.0004147628629897 0.0003242794121683 0.999999861407306 0.32873472571373
1655532459.31803 0.999995738470052 0.0029058995979919 0.0002806942493722 0.394885867834091 -0.0029065193226192 0.999993282357144 0.0022332456231459 -0.00348682678304613 -0.00027420277621 -0.0022340519493624 0.999997466909154 0.332555711269379
1655532459.41877 0.999988126157321 0.0035416753185016 -0.0033472496632483 0.424054324626923 -0.0035355673660007 0.999992077364105 0.0018289265765878 -0.00720144668594003 0.0033537006083236 -0.0018170704335261 0.999992725447175 0.332915008068085
1655532459.52167 0.999949770065321 0.0033403724216911 -0.0094498284849842 0.45814174413681 -0.0033114697162702 0.999989796787003 0.0030725380723332 -0.00880150590091944 0.0094599954878128 -0.0030410909180946 0.999950628906947 0.333730489015579
1655532459.62347 0.999980744669723 0.0040740666535014 -0.0046810544419553 0.487941265106201 -0.0040596776422721 0.999987018430905 0.0030792835383746 -0.00808993726968765 0.004693538880904 -0.0030602206736928 0.999984302747899 0.332809925079346
1655532459.72184 0.999961695722437 0.0081375665090195 0.0032229022975573 0.520542323589325 -0.0081522726523015 0.999956297238868 0.0045764683912754 -0.00723242061212659 -0.0031855201319176 -0.0046025670712213 0.999984334296215 0.334500402212143
1655532459.81858 0.99994473159491 0.0097194673428131 0.0040082053533857 0.551793098449707 -0.0097200368422758 0.999952751806957 0.0001226273992955 -0.00775027135387063 -0.0040068240999227 -0.000161580525581 0.999991959593859 0.335246950387955
1655532459.91841 0.999887487287913 0.0132819659128708 -0.0069715239763466 0.58323723077774 -0.0132855323577776 0.99991163506105 -0.0004655099441327 -0.0102941989898682 0.006964725050846 0.0005580779757172 0.999975590279052 0.34085413813591
1655532460.01879 0.999800238854768 0.0198654043798762 0.0022018389527608 0.617909491062164 -0.0198612386688542 0.99980094474834 -0.0018979143460175 -0.0117591032758355 -0.002239103501116 0.001853803967523 0.999995774904255 0.338382452726364
1655532460.1193 0.999718276995607 0.0236693512242025 0.0017687434974456 0.646656334400177 -0.0236696365660867 0.999719825024367 0.0001405634343229 -0.0123005025088787 -0.001764920894483 -0.0001823893501331 0.999998425892942 0.338098406791687
1655532460.21891 0.999630213460566 0.0269442377943394 0.0036666587604306 0.678198158740997 -0.026947589098261 0.999636471217663 0.0008676711870619 -0.0116216354072094 -0.0036419470856447 -0.0009661579475759 0.999992901354928 0.340365946292877
1655532460.31874 0.999459692447729 0.0326109722920294 0.0041045899258059 0.711964309215546 -0.0326000774341755 0.999464845944089 -0.0026938213090093 -0.0134068187326193 -0.004190241469927 0.0025585558675948 0.99998794776152 0.340513795614243
1655532460.42118 0.999302915068524 0.0373318832153442 -0.0001201297040398 0.743964970111847 -0.0373320121685107 0.99929004571743 -0.0050720210475935 -0.0147828375920653 -6.93036799724939e-05 0.0050729701017221 0.999987130002855 0.3447605073452
1655532460.52007 0.999241937671209 0.0383935250921869 -0.0064410581493391 0.777697086334229 -0.0384382540684586 0.99923666491466 -0.0069705175127441 -0.0169254597276449 0.0061685187246359 0.0072128164556195 0.999954961313519 0.346127331256866
1655532460.6183 0.999355179237356 0.0346132245201126 -0.0095472728981669 0.809740662574768 -0.0346538229532547 0.999390882843464 -0.0041201752494823 -0.0210994277149439 0.0093988449394739 0.0044483679796352 0.999945935406571 0.347971558570862
1655532460.71842 0.999511286373128 0.0299439933984158 -0.0089747240676246 0.843498647212982 -0.0299617639240519 0.999549329540354 -0.0018521657562441 -0.0250385794788599 0.0089152181854261 0.0021201591413974 0.999958011023424 0.349002867937088
1655532460.81844 0.999652332341491 0.0263315584996967 -0.0013650901777253 0.871832191944122 -0.026323653844528 0.999638249072936 0.005516904808777 -0.0297098066657782 0.0015098650567975 -0.0054790525980949 0.999983850014658 0.351991385221481
1655532460.91866 0.999822456210933 0.0188262947260484 -0.000791633263832 0.900805115699768 -0.0188203496416168 0.999798760212383 0.0069450354318292 -0.033022727817297 0.0009222232396446 -0.0069289035691102 0.999975569601391 0.351304978132248
1655532461.01853 0.999934171256623 0.0108217554034389 0.003813497517814 0.930901229381561 -0.01085048289905 0.999912289870246 0.0075947078481563 -0.0375079140067101 -0.0037309749647586 -0.0076355861876849 0.999963888172659 0.34890204668045
1655532461.11843 0.999985654377029 0.0045375436569604 0.0028463551617803 0.96219539642334 -0.0045692991885788 0.999926264673736 0.0112510764176415 -0.0420564450323582 -0.002795093034421 -0.0112639208622723 0.999932653503093 0.347032904624939
1655532461.21954 0.999983360548366 -0.0056969843978183 0.0009071908116447 0.991987943649292 0.0056853046640567 0.999907016606101 0.0123949769165786 -0.0438817963004112 -0.0009777204480692 -0.012389613014807 0.999922767793628 0.345294058322906
1655532461.31864 0.999905435391989 -0.0137330183045043 0.0007242111600142 1.02025532722473 0.0137230099082992 0.999829266450089 0.0123740433543095 -0.0480518974363804 -0.0008940204767575 -0.0123629348508256 0.999923176333693 0.344377517700195
1655532461.41868 0.999830989350456 -0.018281706016279 0.0019421533466566 1.05239582061768 0.01826663144236 0.999804908660765 0.00751497129662 -0.0511209964752197 -0.0020791609453248 -0.0074782245870519 0.999969876169672 0.34591069817543
1655532461.5188 0.999848059191041 -0.0173397961200568 -0.0017860577882593 1.08648526668549 0.017351268668892 0.999827528145972 0.0066217397332774 -0.0516381300985813 0.0016709301266261 -0.0066517239893279 0.999976481003669 0.346364587545395
1655532461.6193 0.999788274202541 -0.0201207616650947 0.0043083311294865 1.11672639846802 0.020110071571379 0.999794620432162 0.0025103737376906 -0.0514654852449894 -0.0043579569179674 -0.0024232013794419 0.999987568076012 0.345773100852966
1655532461.71851 0.99976328227387 -0.0217568208816854 -0.0001419933152572 1.1514083147049 0.0217568414990478 0.999763281349092 0.000145306855717 -0.0511785633862019 0.0001387982875585 -0.0001483617850625 0.999999979361908 0.34594264626503
1655532461.81822 0.999771629683698 -0.0201097659280522 -0.0072308916409053 1.1852343082428 0.0201444547209116 0.999785763464349 0.0047569021437977 -0.0525126196444035 0.0071336823310761 -0.0049014781778026 0.999962542342498 0.339570671319962
1655532461.91847 0.999805051379668 -0.0197446331359197 9.32632136678767e-05 1.21844065189362 0.0197447184266591 0.999804528618632 -0.0010250111833842 -0.0542859993875027 -7.30065136025325e-05 0.0010266528147617 0.999999470326883 0.33484423160553
1655532462.01751 0.9997867108858 -0.0185375928840811 -0.0091044157537912 1.24974095821381 0.0185518416675306 0.999826799820622 0.0014830816552507 -0.0547149330377579 0.0090753461034106 -0.0016516690096179 0.999957454136218 0.333982169628143
1655532462.11782 0.999773729571393 -0.0187016682208455 -0.0101359392591557 1.28311312198639 0.0187795697529024 0.999794413836601 0.0076457714472284 -0.0562348142266273 0.0099908667693925 -0.0078343900135745 0.999919399208912 0.334933310747147
1655532462.21932 0.999830891654947 -0.0183481236977846 -0.0012387288827724 1.3157639503479 0.0183525163992841 0.999824977405474 0.0036331388575164 -0.0579674765467644 0.0011718507960605 -0.0036552582555522 0.999992632899261 0.335817396640778
1655532462.31937 0.999804819033429 -0.0197563320929469 -0.0001057344114307 1.34175205230713 0.0197565680036313 0.999799798010639 0.0031688986421631 -0.0570866651833057 4.3107429247741e-05 -0.0031703690825529 0.999994973438182 0.332544386386871
1655532462.41839 0.999776873032837 -0.0209980941886808 -0.0022987364192487 1.37638127803802 0.0210085871730714 0.999768528601519 0.0046398796261945 -0.0563068687915802 0.0022007756981001 -0.0046871375483772 0.999986593574098 0.335338890552521
1655532462.51891 0.99975722836375 -0.0219232756006139 0.0022032524532897 1.40497243404388 0.0219214417295363 0.999759332362352 0.0008530808188268 -0.0579918846487999 -0.0022214245276274 -0.0008045752447303 0.999997208961977 0.334366887807846
1655532462.62024 0.999792195230268 -0.0199354466336644 -0.0042596154942229 1.43712413311005 0.0199584577728038 0.999786066137488 0.0054297256520757 -0.0561607591807842 0.004150460212255 -0.0055136126851567 0.999976186594053 0.335980534553528
1655532462.71812 0.999808044651648 -0.0194836646183304 0.0020641373230403 1.47048676013947 0.0194883157684581 0.999807535679946 -0.0022576860059093 -0.0576349124312401 -0.0020197520533013 0.0022974791909464 0.999995321084559 0.33844992518425
1655532462.81797 0.9998814105467 -0.0151728959657847 -0.0026359194132679 1.50096774101257 0.0151829338376673 0.999877394317962 0.0038307769452061 -0.0546889305114746 0.0025774722545127 -0.0038703436455156 0.999989188479977 0.340659111738205
1655532462.91841 0.999936973057598 -0.0112264756966054 -0.0001271056288475 1.53470146656036 0.0112258519711807 0.99992838379677 -0.0041481954029346 -0.0568074025213718 0.0001736661409008 0.0041465070858878 0.999991388122447 0.338595986366272
1655532463.01935 0.99993354994713 -0.0115242275921349 0.0002964262746857 1.56484997272491 0.0115242744315265 0.999933581051515 -0.0001567938779763 -0.0562711171805859 -0.0002945996580294 0.000160199556753 0.99999994377357 0.339446753263474
1655532463.11879 0.999927735811842 -0.0094467815663458 -0.0074351511242431 1.59564566612244 0.0094474011185616 0.999955371148123 4.82091692643484e-05 -0.0543879494071007 0.0074343638804933 -0.0001184485405157 0.99997235771977 0.336909562349319
1655532463.21871 0.999976718861218 -0.0067694687895348 0.0008579206601885 1.63029778003693 0.0067707066171849 0.999976029798696 -0.0014482264817228 -0.0548486821353436 -0.0008480963716893 0.0014540014944521 0.999998583305096 0.333933651447296
1655532463.31914 0.999971005233617 -0.0075248363501344 -0.0011685589301193 1.66104388237 0.0075239310728719 0.999971392825722 -0.0007771688340986 -0.0552197247743607 0.0011743735692434 0.000768354143425 0.99999901523883 0.33406475186348
1655532463.41739 0.999938583902496 -0.0094381463537966 -0.0058094592240345 1.69433414936066 0.0094237024307899 0.999952449124146 -0.0025086496602271 -0.0552279278635979 0.0058328599818038 0.0024537489737439 0.999979978229768 0.330256909132004
1655532463.51842 0.999965328742786 -0.0082587743671647 -0.0010648747734756 1.7264711856842 0.0082614599361144 0.999962640736451 0.002542717268667 -0.0553043484687805 0.0010438352623369 -0.0025514265297406 0.999996200308085 0.330871850252151
1655532463.61892 0.999964084878094 -0.0077508438667766 -0.0034283193065785 1.75646591186523 0.0077578433194089 0.999967840683662 0.0020330925915021 -0.0530599094927311 0.00341245087093 -0.0020596159367631 0.999992056549074 0.331790745258331
1655532463.71858 0.999971364433704 -0.0054048181400363 -0.0052970041975197 1.78909730911255 0.0054205145466428 0.999980947549358 0.0029533981001796 -0.0517710149288177 0.005280940696982 -0.0029820260162588 0.99998160942399 0.329009503126144
1655532463.8184 0.999991265194223 -0.0029008104699165 -0.0030091251013119 1.82408881187439 0.0028838834507129 0.999980080674989 -0.0056143984081689 -0.0505197308957577 0.0030253514672557 0.0056056714014085 0.999979711642511 0.33041524887085
1655532463.91886 0.999992180459292 -0.0039522640324259 0.0001364891510559 1.8552862405777 0.0039524741727665 0.999990948175062 -0.0015752827853566 -0.0487573891878128 -0.0001302619820865 0.0015758099372131 0.999998749926648 0.330298036336899
1655532464.01867 0.999984464330787 -0.0029706170941771 -0.0047166228543 1.8872389793396 0.0029567410180345 0.999991288744224 -0.0029462040355922 -0.0471571013331413 0.004725333810663 0.002932212432081 0.999984536555756 0.327860802412033
1655532464.11844 0.999999759866878 -8.24685898813268e-05 -0.0006880880155863 1.92144334316254 7.95533629259455e-05 0.999991026392882 -0.0042356587413745 -0.0469698049128056 0.0006884311497584 0.0042356029845369 0.999990792822569 0.327179133892059
1655532464.21929 0.999999707173708 -0.0005770479314414 -0.0005026611015745 1.95447945594788 0.0005754474191406 0.999994783224635 -0.0031784247328892 -0.0469525791704655 0.0005044925827218 0.0031781345471293 0.999994822460614 0.325230836868286
1655532464.31885 0.999963444108372 0.0005002999628408 -0.0085358155362771 1.9880303144455 -0.0005042730580552 0.99999976552354 -0.0004633158196648 -0.0470566898584366 0.0085355817379419 0.0004676032645453 0.999963461928276 0.322540730237961
1655532464.41863 0.999988441566568 0.0027878321054875 -0.0039172344094036 2.023357629776 -0.0027919754979307 0.999995548375667 -0.0010526640814817 -0.0484802909195423 0.0039142823206249 0.0010635887368247 0.999991773552619 0.321129322052002
1655532464.51868 0.999983815635864 0.0023348333832334 -0.0051881614673684 2.0542094707489 -0.0023415810293213 0.999996420120405 -0.0012948917554902 -0.0489699430763721 0.0051851195378766 0.0013070192989595 0.999985703015763 0.324983328580856
1655532464.61731 0.999958373464489 0.0042029484097199 -0.0080985531373549 2.0892322063446 -0.0042259642775708 0.999987074680008 -0.0028269592930489 -0.0507872253656387 0.0080865668968991 0.0028610658127859 0.999963210192374 0.328670829534531
1655532464.71755 0.999963941339277 0.0056798321978689 -0.0063131234283849 2.12292218208313 -0.0056520491994099 0.999974302808104 0.0044099958382474 -0.05139185115695 0.0063380092351952 -0.0043741547354845 0.999970347765015 0.330252349376678
1655532464.81815 0.999967888693236 0.0059886669505448 -0.0053251714101103 2.15511584281921 -0.0060229809544384 0.999961051981062 -0.0064512185942299 -0.0516056157648563 0.0052863298056474 0.0064830848431529 0.999965011551955 0.330303102731705
1655532464.91827 0.999989463829001 0.002986099840734 -0.0034864650762999 2.18881893157959 -0.0029699287783263 0.999984851552091 0.0046342409729127 -0.0529164224863052 0.0035002505679965 -0.0046238375927926 0.99998318404455 0.328834027051926
1655532465.01738 0.999996387579859 0.0019106465373353 -0.0018905705597936 2.2153263092041 -0.0018999600763901 0.999982299998136 0.0056382481451136 -0.0533910393714905 0.0019013097959862 -0.0056346357688072 0.999982317794076 0.325924009084702
1655532465.11862 0.99998719478951 0.0036423327570256 -0.0035133558166033 2.25050640106201 -0.0036336965566058 0.999990368919436 0.0024613650083252 -0.0542504340410233 0.0035222870895872 -0.0024485670210952 0.999990798964271 0.322085589170456
1655532465.21814 0.999984162236176 0.0052839720176892 0.0019377606995697 2.28220677375793 -0.0052745491457725 0.999974395528004 -0.0048360541468594 -0.0534894540905952 -0.0019632646590181 0.0048257567405333 0.99998642873979 0.317484170198441
1655532465.31829 0.999971069547198 0.0036355852761417 -0.0066815109319421 2.31401824951172 -0.0035924325577443 0.999972686081586 0.0064592196971519 -0.0513868033885956 0.0067048114777239 -0.0064350299515945 0.9999568170139 0.31786897778511
1655532465.41756 0.999987249225976 0.0047247009660236 -0.0017828590091894 2.34430265426636 -0.0047285599652996 0.999986473344729 -0.0021665290736675 -0.0512019991874695 0.0017725986910629 0.0021749318044795 0.999996063775016 0.315566569566727
1655532465.51798 0.999973372306492 0.0064532262408181 0.0034074255774805 2.37502336502075 -0.0064486370513689 0.999978287809421 -0.0013560936246533 -0.0513040386140347 -0.0034161027737706 0.0013340842641792 0.999993275207896 0.31752473115921
1655532465.61836 0.999939922748624 0.0101227822274519 -0.0042047798340103 2.40588307380676 -0.0101144304071898 0.999946842118285 0.0020028068323168 -0.0494253113865852 0.0042248302942284 -0.0019601575561787 0.999989154236855 0.31999483704567
1655532465.71839 0.99990598980934 0.0135696467024123 0.0019688148151282 2.43835830688477 -0.0135546240321313 0.99988035593305 -0.0074529179886598 -0.0508012436330318 -0.0020697127221248 0.0074255307938108 0.999970288449451 0.321899592876434
1655532465.81728 0.99983516006156 0.0171640415866579 -0.0059201673191674 2.47296738624573 -0.0171935602336412 0.999839818571679 -0.0049717889179602 -0.0484168827533722 0.0058338830265624 0.0050727581219763 0.999970116020408 0.321840941905975
1655532465.91796 0.99988803675578 0.0142368871680569 -0.0046070594130621 2.50590538978577 -0.0142442602972696 0.999897310349144 -0.0015715613673955 -0.0492865070700645 0.0045842121738742 0.0016370095637709 0.999988152529035 0.320421189069748
1655532466.01862 0.999918800738204 0.0105574925277268 -0.0071366155703227 2.5380117893219 -0.0105425890283977 0.999942172266966 0.0021227196234597 -0.0517554469406605 0.0071586134725858 -0.0020473088551817 0.99997228100563 0.318611800670624
1655532466.11842 0.999969149542751 0.0078547724130361 -5.01306996794208e-05 2.57160925865173 -0.0078544532888622 0.999958281882511 0.0046628379888711 -0.0529336668550968 8.6754139522444e-05 -0.0046623003889481 0.999989127655297 0.316179156303406
1655532466.21764 0.999956926954043 0.007098771566643 -0.0059792707641707 2.60244822502136 -0.0070455922850585 0.999935852278974 0.0088685374484923 -0.0521273277699947 0.0060418429290548 -0.0088260279496049 0.999942797046238 0.316685050725937
1655532466.31857 0.999969753738667 0.0077099056455471 0.0010241888332574 2.63716697692871 -0.0077077150966842 0.999968035509997 -0.0021258142593968 -0.0536413006484509 -0.0010405459229436 0.0021178558057312 0.999997215971609 0.318492531776428
1655532466.41864 0.999912530502434 0.0109805564351256 -0.0073728369434147 2.66929316520691 -0.0109839500045076 0.999939586419489 -0.0004199446627906 -0.0549485050141811 0.007367780297867 0.0005008908028197 0.999972732089174 0.32011753320694
1655532466.5177 0.999893072302526 0.0145029623289377 -0.0018729776031402 2.70129156112671 -0.0145143912472287 0.99987519079819 -0.0062398135393029 -0.0553786493837833 0.0017822480576004 0.0062663314601377 0.999978778115762 0.32124936580658
1655532466.61729 0.999764251941101 0.0186737763467677 -0.0110783851531636 2.73631572723389 -0.0186846880315168 0.999825036717965 -0.000882261347396 -0.0536457374691963 0.0110599716914569 0.0010890495264757 0.999938243591729 0.322140425443649
1655532466.71767 0.999821438595085 0.0186291885110573 -0.0031692682236372 2.76788353919983 -0.0186220709081993 0.999824038374737 0.0022606996973605 -0.054010447114706 0.0032108255548787 -0.0022012776860588 0.999992422459193 0.321696162223816
1655532466.81864 0.999743444857356 0.0217521771438672 -0.0063156356962811 2.80287957191467 -0.0217540343146839 0.99976332756253 -0.0002255041762101 -0.0532901473343372 0.006309235752599 0.0003628368776099 0.999980030747424 0.320278823375702
1655532466.91851 0.999697629685988 0.023737585611859 -0.0064168706966669 2.83473801612854 -0.0237552747981909 0.999714172066353 -0.0026946407827701 -0.0553835481405258 0.006351072309501 0.0028462605301342 0.999975781047478 0.319872438907623
1655532467.01795 0.999750214477284 0.0222879621736815 -0.0016599381824722 2.86609029769897 -0.0222896786656081 0.999751031010788 -0.0010228479119693 -0.0552675761282444 0.0016367277137693 0.001059591908061 0.999998099191883 0.319162338972092
1655532467.11932 0.999763692538054 0.0216528901021659 0.0019265079547081 2.8982367515564 -0.021647379853228 0.999761644121994 -0.0028365274505133 -0.0566824711859226 -0.0019874677773708 0.0027941533084249 0.999994121322282 0.320125460624695
1655532467.21784 0.999729840745522 0.0231450529088242 -0.0021335530881236 2.92894244194031 -0.0231437796481779 0.999731954884945 0.0006195526791905 -0.0580195114016533 0.0021473207791803 -0.0005700068187613 0.999997532049804 0.321072995662689
1655532467.31739 0.999763486909218 0.0216924677904592 -0.0015514780960987 2.96381783485413 -0.0216905945963101 0.99976399410297 0.001214166930929 -0.0604696460068226 0.0015774502151603 -0.0011802272821479 0.999998059355308 0.32096791267395
1655532467.4188 0.999810206517358 0.0177713428407723 -0.0079831270409912 2.99791765213013 -0.0177677764224431 0.999842006702027 0.0005174505440224 -0.0613891147077084 0.0079910615514428 -0.0003755099188653 0.999968000451805 0.319581121206284
1655532467.51747 0.999932533572777 0.0102260750910198 -0.0055095998910487 3.03231692314148 -0.0102001155698712 0.999936840622702 0.0047193651957524 -0.0641765370965004 0.0055575124910241 -0.0046628482414114 0.999973685604371 0.315708667039871
1655532467.61759 0.999918086332318 0.0029845123056882 -0.0124464176296699 3.0653223991394 -0.0028429283300267 0.999931230485055 0.0113777000818927 -0.0627437233924866 0.0124795185814716 -0.0113413838194625 0.999857807205122 0.313842386007309
1655532467.71838 0.999989147445195 -0.0009783371610851 -0.0045549805960597 3.09461188316345 0.000997093202858 0.999991026983526 0.0041172512163778 -0.0636738017201424 0.0045509116642773 -0.0041217482738748 0.999981150019435 0.310709029436111
1655532467.81729 0.999995950882136 0.0003478356620236 -0.0028243989952815 3.12728476524353 -0.0003430156667254 0.9999984844814 0.0017068611997534 -0.0632588863372803 0.0028249884220477 -0.0017058854753667 0.999994554682754 0.308174282312393
1655532467.91743 0.999989087838431 0.0044750939983595 -0.0013407974374651 3.1589241027832 -0.004475723699848 0.999989874845858 -0.0004670151265327 -0.0621385127305984 0.0013386939250944 0.0004730110692558 0.999998992079044 0.305876910686493
1655532468.01783 0.999967180173096 0.0077463590875452 0.0023732883416572 3.19268584251404 -0.007745483488148 0.999969931883216 -0.0003779087349693 -0.0638180896639824 -0.0023761443981095 0.0003595140664071 0.999997112339548 0.302181869745255
1655532468.11659 0.999912247536393 0.0119355223666562 0.0057480894699522 3.22472238540649 -0.0119232902991398 0.999926587235071 -0.0021576118432782 -0.063723661005497 -0.0057734197112252 0.0020888863681077 0.999981151911664 0.302574306726456
1655532468.21731 0.99984418387634 0.0174658210866048 0.0025598950031675 3.25507044792175 -0.0174752646077783 0.999840396850564 0.0037142903218606 -0.0624271854758263 -0.0024946133056374 -0.003758446418089 0.999989825440728 0.300442099571228
1655532468.31805 0.999646680444835 0.0265773858035903 0.0003960296312688 3.29252052307129 -0.0265737822108091 0.999620106806823 -0.0073127400150521 -0.0631957352161407 -0.000590232694969 0.0072996322758325 0.99997318313743 0.304001361131668
1655532468.41799 0.999401671195294 0.0339782457763365 -0.0064636232885007 3.32416653633118 -0.0339839437957174 0.999422079448022 -0.0007737414823749 -0.0618463680148125 0.0064335974495065 0.0009929379411117 0.999978811224569 0.312573850154877
1655532468.51822 0.999323719024702 0.0356233183953419 -0.0091150305069777 3.35622620582581 -0.0356639250101991 0.9993544516786 -0.0043317852014759 -0.061709325760603 0.008954833750882 0.0046539334620216 0.999949074631216 0.312810361385345
1655532468.61723 0.999529917128557 0.0297501817109261 -0.007407526790175 3.38858532905579 -0.0297699944509309 0.999553448617374 -0.0025789120779432 -0.0616690032184124 0.0073274958459097 0.002798221806987 0.999969238406536 0.313724279403687
1655532468.71762 0.99952995359363 0.0301977586641137 -0.0052884062607569 3.4228458404541 -0.0301925910648831 0.999543543772714 0.001054299328087 -0.0618445388972759 0.005317829811456 -0.0008941330708605 0.999985460500375 0.315054923295975
1655532468.81726 0.999595232326144 0.0283102554160426 -0.0028108627005364 3.45308756828308 -0.0283356198754629 0.999553926915069 -0.0094360921433797 -0.0615306012332439 0.0025424706716318 0.009511920255317 0.999951528433224 0.312547504901886
1655532468.91729 0.999708642345177 0.0228165536100962 -0.0078762492164542 3.48272180557251 -0.022805666261127 0.999738837167142 0.0014693692788036 -0.0610316544771194 0.0079077181758193 -0.0012893180557965 0.999967902310971 0.309865444898605
1655532469.01738 0.999823352026598 0.0186241736997146 -0.0025307896595702 3.5167338848114 -0.0186267479782581 0.999826009542804 -0.0009974474762734 -0.0619837418198586 0.0025117726912658 0.001044411660373 0.999996300094271 0.307802766561508
1655532469.11713 0.99990261327394 0.0139476859200221 0.0004754213101224 3.54606890678406 -0.0139478772568947 0.999902643001152 0.0004015461845086 -0.0589966773986816 -0.0004697743844666 -0.0004081381973193 0.999999806367601 0.307140678167343
1655532469.21751 0.999924887624093 0.0122013246208352 0.0011605117158055 3.57752799987793 -0.0121964174184242 0.99991702756867 -0.0041455253455249 -0.05925552546978 -0.0012109963257915 0.0041310598799619 0.999990733873153 0.307041794061661
1655532469.31868 0.999934836046587 0.0103842011877239 -0.0047425759010818 3.60968446731567 -0.0103963265559365 0.999942732666229 -0.0025392483409258 -0.0598637536168098 0.0047159362407669 0.0025883882412491 0.999985529991152 0.307756453752518
1655532469.41738 0.999962048864603 0.0087060965777782 0.0003235937024087 3.64113807678223 -0.0087053422086088 0.999959545342497 -0.0022637790214152 -0.058942623436451 -0.0003432892903275 0.002260876114515 0.999997385292411 0.307077765464783
1655532469.51723 0.999946836678285 0.0099524725407759 -0.0026966845230491 3.67394757270813 -0.0099570231400434 0.999949017452159 -0.0016793411360262 -0.0585574358701706 0.0026798334426585 0.0017061028068705 0.999994953840234 0.309320241212845
1655532469.61708 0.999901080377691 0.0140648841554949 9.2158661758841e-05 3.70452189445496 -0.0140645043579684 0.99989566392691 -0.0032940821678782 -0.0600719451904297 -0.0001384799303758 0.0032924601526144 0.999994570249985 0.309061974287033
1655532469.71661 0.9998689894026 0.016185008119163 -0.0002225830326865 3.73521256446838 -0.0161860406140035 0.99985155616857 -0.0059057359008544 -0.0583889558911324 0.0001269656081033 0.005908564924873 0.99998253621764 0.310010850429535
1655532469.81744 0.999839563092125 0.0176816216175737 -0.0028650187994786 3.76650667190552 -0.0176791161315352 0.999843309406515 0.0008974897407589 -0.0593702383339405 0.0028804389519844 -0.000846694750205 0.999995493079566 0.310404807329178
1655532469.91638 0.999865001113462 0.0150200159589702 -0.0066617316794206 3.79964280128479 -0.0150214094848514 0.999887159590477 -0.0001591954058541 -0.0600623600184917 0.0066585888493533 0.0002592425140864 0.999977797747457 0.310728967189789
1655532470.0166 0.999879843134684 0.0132949177190606 -0.0079714776423543 3.83081865310669 -0.0132343264280368 0.999883492494799 0.0076061843521318 -0.061132874339819 0.008071672500499 -0.0074997732796303 0.999939298909588 0.306032568216324
1655532470.11752 0.999921154550839 0.0115201376344826 -0.0049971102249723 3.86206197738647 -0.0114720829302927 0.99988867541308 0.0095408644219341 -0.0609045960009098 0.0051064659950334 -0.0094827849052806 0.999941998715666 0.305959582328796
1655532470.21644 0.999908674008892 0.0086246704899394 -0.0104047441447793 3.89227032661438 -0.008562260289351 0.999945174240818 0.0060279524912292 -0.0593724735081196 0.0104561628007484 -0.0059383138548819 0.999927699930373 0.304631382226944
1655532470.31755 0.999986432287076 0.0052091465810033 -5.80197373895432e-06 3.92157006263733 -0.0052091465232359 0.99998643225493 9.92750837738471e-06 -0.0586048886179924 5.85360886557566e-06 -9.89715035247081e-06 0.999999999933891 0.305173814296722
1655532470.41662 0.999994732827491 -0.0016152653766692 0.0028151793971068 3.95286631584167 0.0015905260078909 0.999960295041531 0.0087680423967983 -0.0529967434704304 -0.0028292303358304 -0.0087635185979585 0.999957597199746 0.305955678224564
1655532470.51657 0.99995375733056 -0.0035911553868719 0.0089211436196601 3.98484778404236 0.00351125718397 0.999953732853121 0.0089556253883586 -0.0476410612463951 -0.0089528919061541 -0.0089238868267103 0.999920101793349 0.306613355875015
1655532470.61669 0.999979579419152 0.0059032789060738 -0.0024478649578617 4.01745700836182 -0.0059224229226538 0.999951346046888 -0.0078886276209647 -0.0402764901518822 0.0024011770905221 0.0079029638221446 0.999965888173894 0.308434218168259
1655532470.71691 0.999760281563875 0.0217684491771157 0.002348196700756 4.05037593841553 -0.0216977184342973 0.999404805552983 -0.0268187183204386 -0.0296874102205038 -0.0029306009738731 0.0267613388683826 0.999637555476936 0.31133046746254
1655532470.81662 0.999412928638158 0.0342177183508475 -0.0017163396407815 4.08387088775635 -0.0342588385752308 0.998630065550885 -0.0395515379892044 -0.0220050197094679 0.0003606249807238 0.0395871182166279 0.99921605772772 0.313042223453522
1655532470.91664 0.99944517028076 0.0332604588398752 -0.001758829219516 4.12040853500366 -0.0332990535816201 0.998963041891676 -0.0310485742844712 -0.0228810720145702 0.0007243155602702 0.0310899149611398 0.99951632930867 0.310209214687347
1655532471.01731 0.9999826399227 -0.003776967083426 -0.0045226510897079 4.15307283401489 0.0036731112936872 0.999734308119096 -0.0227556899050871 -0.0222894102334976 0.0046073969497654 0.0227386826637563 0.999730825874677 0.307321965694427
1655532471.11786 0.997329094939381 -0.071790893579938 -0.0134441060092904 4.18784379959106 0.0717859977614958 0.99741969757609 -0.0008470021300106 -0.0269652623683214 0.0134702231897449 -0.000120358696153 0.999909265184098 0.308512091636658
1655532471.2168 0.98748802969776 -0.157513758183665 -0.0075370542318072 4.22322082519531 0.157593065741996 0.987437889092467 0.0114385669841837 -0.0335869267582893 0.0056406412467167 -0.0124832354568316 0.999906171597543 0.309691935777664
1655532471.31677 0.96834951216616 -0.249431605607592 -0.0091157233161954 4.25550746917725 0.249590015289976 0.967966404032814 0.0273105278479317 -0.0359430685639381 0.0020116051074353 -0.0287213298404134 0.99958543339581 0.309333711862564
1655532471.41654 0.937968544877233 -0.346718757266211 0.0010545997628052 4.29021501541138 0.346525759059547 0.937539652845329 0.0306479632416937 -0.0367271862924099 -0.0116149528234117 -0.0283813795019522 0.999529684485897 0.307219922542572
1655532471.51616 0.898985519708094 -0.437975596875407 0.0015530282672465 4.32506656646729 0.437646838314456 0.8984373550954 0.0357150372048328 -0.0321772247552872 -0.0170376133460273 -0.0314276233720071 0.999360807827012 0.304596602916718
1655532471.61622 0.848454429257992 -0.529230575407146 0.006330839337377 4.35673475265503 0.528582091498877 0.847902510922134 0.0407713688587172 -0.0266643520444632 -0.0269453895716425 -0.0312462801971958 0.999148445404721 0.301495105028152
1655532471.71594 0.78655197272794 -0.617455623828083 0.0091949334342388 4.39156055450439 0.616754369159854 0.7862276937168 0.038210754441541 -0.00573576288297772 -0.0308227565285244 -0.024383728915716 0.999227397264581 0.297381818294525
1655532471.81655 0.711507064227723 -0.702572671682397 0.0122204156682858 4.42056512832642 0.701873565318365 0.711416501269794 0.0354973242418651 0.00321741844527423 -0.033633255288978 -0.0166794102444969 0.999295052230602 0.300262123346329
1655532471.91613 0.628929749853433 -0.777437965461902 0.0061302208570231 4.45591163635254 0.776713029433922 0.628650277699485 0.0389319695872032 0.0457694977521896 -0.0341209562714267 -0.0197240514808237 0.999223059249688 0.306819379329681
1655532472.01606 0.539455772930313 -0.842011955783935 0.0018262992830299 4.48046684265137 0.84115767173364 0.539003711098701 0.0439177720913825 0.0601527914404869 -0.0379636712634681 -0.0221554900361318 0.99903347988216 0.305767804384232
1655532472.11639 0.44472376533818 -0.895665848032479 0.0018604331999945 4.50957489013672 0.894764511019652 0.444367571476349 0.0439764850798016 0.09502013027668 -0.0402149519854637 -0.0178927384285498 0.999030834132928 0.308088898658752
1655532472.21627 0.349627551817061 -0.936863901346307 0.0068268121832621 4.53400707244873 0.935817712548988 0.349566906822092 0.045256894882594 0.123575381934643 -0.0447859787208851 -0.0094344055993014 0.998952054956093 0.312915533781052
1655532472.31558 0.26161953212621 -0.965141919314086 0.007503065559192 4.55463790893555 0.964242459943807 0.261700849514237 0.0418227665876237 0.152607917785645 -0.0423284638462057 -0.0037068782349628 0.999096872281248 0.314025163650513
1655532472.4166 0.163924632817524 -0.985213853054332 -0.0498234734385046 4.57375240325928 0.986035343741438 0.1621387209485 0.0380175756971652 0.178878158330917 -0.0293771279798582 -0.0553597228950985 0.99803421055224 0.315702319145203
1655532472.51905 0.0608608215405914 -0.995611728331692 -0.0710861928210026 4.58791589736938 0.996957694985056 0.0571595003590845 0.0529919421118262 0.18715138733387 -0.0486961478095303 -0.0740950600720472 0.996061547928356 0.308989644050598
1655532472.61656 -0.0423470881431375 -0.999006609833703 -0.0138750724095233 4.59970378875732 0.997818805641105 -0.0429924690655716 0.0500927011909413 0.199140518903732 -0.0506394632155239 -0.0117235281471937 0.998648188128845 0.310630142688751
1655532472.71698 -0.119693173466123 -0.99210356142238 0.0374708905503818 4.61032342910767 0.992543060636221 -0.11869893984622 0.0277278643654228 0.195912674069405 -0.0230611580041486 0.0405103084709765 0.998912958119522 0.306166112422943
1655532472.81636 -0.161153260894779 -0.984788904365008 0.0649649162436653 4.61772537231445 0.986907079464464 -0.160357475790953 0.0173175189006798 0.189725607633591 -0.0066364904807159 0.0669051103991407 0.997737271628447 0.30039045214653
