0 0 0 0 0 0 0 0 0 0 0 0 0
1655511341.75528 0.996351149668037 0.0124624856133394 -0.0844338380480124 0.0865995734930038 -0.0106770963594738 0.999710452639089 0.0215641020559332 -0.0802804082632065 0.0846781327646706 -0.0205839096501491 0.996195721981882 0.0192284919321537
1655511341.85981 0.999563738984624 0.0025500188473821 -0.029424974272813 0.0467643886804581 -0.0023545663926962 0.999974948957561 0.0066751385323135 -0.0799371749162674 0.0294412588756 -0.0066029433740709 0.999544703059658 0.0548853240907192
1655511341.95456 0.998519435782292 -0.0099550535972806 0.0534774089956515 0.0230336543172598 0.0098063352210138 0.999947287674818 0.0030426405155993 -0.0818539261817932 -0.0535048797264887 -0.002513718291562 0.998564424093811 0.0967255011200905
1655511342.05508 0.997722789336496 -0.02214907131729 0.0637075684544993 0.00736914156004786 0.0216328476062841 0.99972741532617 0.0087815118116735 -0.0817895829677582 -0.0638847050791221 -0.0073833383395912 0.997929972879819 0.125277772545815
1655511342.15462 0.997456605300511 -0.0309491302030342 0.0642064785053343 -0.0023890167940408 0.03113007296987 0.999513685907228 -0.0018194067817712 -0.0817988216876984 -0.0641189449326086 0.0038135316732157 0.997934976778 0.14389368891716
1655511342.25519 0.998582392855839 -0.0347608729790161 0.0403098795339673 -0.00605623982846737 0.0348601843827373 0.99939064364548 -0.0017632182718876 -0.0821455866098404 -0.04022402544634 0.0031659285540687 0.999185670770594 0.156420066952705
1655511342.36216 0.998684654033589 -0.0460388891114093 0.0225695034769786 -0.00663871364668012 0.0459637205608489 0.998935735480317 0.0038383294024507 -0.0878078937530518 -0.0227221959769337 -0.0027959023203404 0.999737908023998 0.169186159968376
1655511342.45462 0.99905919606155 -0.0422178994550119 0.009918252389164 -0.00407785503193736 0.042200710445789 0.999107277300771 0.0019360998192978 -0.0882081910967827 -0.0099911362076255 -0.0015157210317592 0.999948938589883 0.181262195110321
1655511342.55401 0.999286896446453 -0.0376707904049602 -0.0025710193857455 -0.000583317189011723 0.0376925740405435 0.999248601910987 0.0090278148594429 -0.0878756418824196 0.0022290026053074 -0.0091182854311427 0.999955943238592 0.191179811954498
1655511342.65944 0.999344164284245 -0.0360647323860612 0.0032521360589466 0.000900858896784484 0.0360707502486512 0.999347597547218 -0.0018111469027166 -0.0866536423563957 -0.0031846958290466 0.0019272660754482 0.999993071654974 0.198327839374542
1655511342.75481 0.999053835746368 -0.0392517246487601 0.0187279308138356 0.00519612291827798 0.0391705952998828 0.99922158052658 0.0046794736686539 -0.0858035087585449 -0.0188970300397364 -0.0039414619192298 0.999813666206667 0.209932580590248
1655511342.85512 0.997018352804143 -0.0445942381878102 0.0629742653165778 0.0068990676663816 0.0454495055990421 0.99889196699075 -0.0122139560402526 -0.0862695425748825 -0.0623598156869992 0.0150396875565763 0.99794040963661 0.226324751973152
1655511342.95455 0.997043168327315 -0.0432028018982302 0.063548708877304 0.014264527708292 0.0431921007548393 0.999065594518417 0.0015428162386178 -0.0858969986438751 -0.0635559825997039 0.0012065478459701 0.997977545497934 0.24146930873394
1655511343.05414 0.998066442056975 -0.0389825603722427 0.0484121599038379 0.0293748453259468 0.039009119304204 0.999238775988266 0.0003964499738 -0.0868151411414146 -0.0483907620402974 0.0014928323066587 0.99882736526432 0.253215461969376
1655511343.15364 0.999009418687075 -0.0353149424127095 0.0270746415839635 0.0473269931972027 0.035210039480895 0.999370503131509 0.0043417266643141 -0.0877419337630272 -0.0272109260089929 -0.0033841266319122 0.999623985903036 0.261140108108521
1655511343.25447 0.999422586556591 -0.0330419925786453 0.007919609015998 0.0675437077879906 0.0329974776915068 0.99943925424022 0.0056871389776982 -0.0886618569493294 -0.008103082532718 -0.0054225280253671 0.999952466991948 0.265679478645325
1655511343.35415 0.999494810417256 -0.0314489235640874 0.0045922930692343 0.0864721611142159 0.0314515903682256 0.999505146426905 -0.0005096365767112 -0.0900807455182076 -0.0045739930348538 0.0006538140340861 0.999989325500491 0.270179003477097
1655511343.45427 0.999597913072997 -0.0283526509483757 -0.0003733152940445 0.106416888535023 0.028354050702744 0.999587710768341 0.0045228629930239 -0.090270608663559 0.0002449262244403 -0.0045316294097172 0.999989702119996 0.278044313192368
1655511343.55433 0.999554135805876 -0.0294426754752249 0.0049657279656754 0.126403883099556 0.029427296905992 0.999561984777726 0.0031420986647599 -0.0895240679383278 -0.0050560646925344 -0.0029945697642706 0.999982734231822 0.285660088062286
1655511346.65837 0.999537266865673 -0.0304137212034871 -0.0005076507243947 0.144507318735123 0.0304162612196703 0.999518577088951 0.0061208747328524 -0.0897924080491066 0.0003212477520588 -0.006133483238344 0.999981138413744 0.293857514858246
1655511346.75763 0.99955740240984 -0.0297449509028144 0.0004870148695396 0.163770422339439 0.0297447787770758 0.999557462444776 0.0003569404206333 -0.0901688039302826 -0.0004974165224568 -0.0003422962901077 0.99999981770501 0.301726639270782
1655511346.85729 0.999624851250446 -0.0273889881099615 9.63516045406957e-06 0.182304963469505 0.0273889304134921 0.999623354381069 0.0017308572280438 -0.0881523787975311 -5.70379594520316e-05 -0.0017299440023799 0.999998502019088 0.303780198097229
1655511346.95717 0.999674368713891 -0.0253687847057346 -0.0027534158854022 0.198025152087212 0.0253798495543497 0.999669631478824 0.004060927922317 -0.0879435017704964 0.0026494854373012 -0.0041294868380669 0.99998796371025 0.305624961853027
1655511347.05757 0.999689726306448 -0.0248594359610071 0.0015682987727279 0.213720306754112 0.0248549975987063 0.999687177022383 0.002788761622388 -0.086794413626194 -0.0016371352137983 -0.0027489162807888 0.999994881610688 0.309298455715179
1655511347.15687 0.999676502992635 -0.024763596577236 0.0058011765164997 0.233950555324554 0.024760336734191 0.999693215404601 0.0006330867390138 -0.0839300155639648 -0.0058150743095126 -0.0004892428533453 0.999982972631137 0.310668170452118
1655511347.2564 0.999717031476465 -0.0236413279117304 0.0026352590868496 0.241537630558014 0.0236311840274205 0.999713460934598 0.0038161718553898 -0.0821733847260475 -0.0027247233523746 -0.0037528177064331 0.999989246063134 0.313577353954315
1655511347.35764 0.999653209286226 -0.0227856077880297 0.013201410586735 0.258907914161682 0.0228135328079261 0.999737799352069 -0.0019685699134189 -0.0792507603764534 -0.0131530941063751 0.0022690580451849 0.999910919777865 0.319677740335464
1655511347.45754 0.999699238571917 -0.0207776594515149 0.0130277114815077 0.273587942123413 0.0208626052306152 0.999761747381827 -0.0064187362485013 -0.0802926570177078 -0.012891241279258 0.0066885977419177 0.999894533717695 0.326833665370941
1655511347.55727 0.999779131349214 -0.0173634221486034 0.0118406118887959 0.29474812746048 0.0174134377778544 0.999839827729588 -0.0041341347855027 -0.0795761272311211 -0.0117669326236067 0.0043394074431078 0.99992135132703 0.331888556480408
1655511347.65624 0.999802123476259 -0.0164901802641826 0.0111259987065491 0.318260371685028 0.0165632255138025 0.999841657243662 -0.0065053824504108 -0.0782457664608955 -0.0110169620559522 0.0066883776135887 0.999916942626714 0.335264593362808
1655511347.75817 0.999905617431721 -0.0137355624905736 0.0003009178556095 0.339486122131348 0.0137355339602776 0.999905658430377 9.66733688461784e-05 -0.0776620209217072 -0.0003022173296457 -9.25309771403631e-05 0.999999950051351 0.338034391403198
1655511347.85698 0.999872643081625 -0.0148725275199848 0.0057883971988752 0.365373343229294 0.0149055119080278 0.999872673664212 -0.0056975586297085 -0.0795256495475769 -0.0057029230859528 0.0057831120295754 0.999967015597779 0.340029776096344
1655511347.95776 0.999861305418555 -0.0163234926639287 -0.0033035607991486 0.385493606328964 0.0163285970613544 0.999865517990392 0.0015240904872275 -0.0772750601172447 0.003278238049766 -0.0015778216172923 0.999993381795216 0.340656369924545
1655511348.06269 0.999818299900417 -0.0189799328284102 0.0017689923881855 0.408443033695221 0.0189834270150442 0.999817838284473 -0.0019798350761647 -0.078392006456852 -0.0017310930087403 0.0020130568778255 0.99999647545329 0.341756552457809
1655511348.15657 0.999805813715318 -0.0196761687552225 0.0010877702733953 0.432897955179214 0.0196755344707524 0.999806243399607 0.0005907642974984 -0.0785354524850845 -0.0010991834887373 -0.0005692471176639 0.999999233876395 0.347618877887726
1655511348.25597 0.999851595521021 -0.015509528136024 -0.0074994313828211 0.457917034626007 0.0155370800762775 0.999872704214944 0.0036296705910466 -0.0766467303037643 0.0074421822586595 -0.0037456511975951 0.999965291407824 0.349080294370651
1655511348.35671 0.999877221390021 -0.0110254048983327 -0.0111347470649025 0.481251001358032 0.0110718164875879 0.999930237698979 0.0041151688821619 -0.0790891572833061 0.0110885988761751 -0.004237945503585 0.999929538914054 0.348135769367218
1655511348.45636 0.999929767955656 -0.0069426352207944 -0.0096051534261569 0.502100706100464 0.0069731283148247 0.999970742365198 0.0031448203603774 -0.0795512273907661 0.0095830390614887 -0.0032115774605385 0.999948924261915 0.343712717294693
1655511348.55612 0.999988454890008 -0.0047902258331857 0.0003792402418833 0.524908125400543 0.0047904697967268 0.999988317604543 -0.0006450221412245 -0.0779583528637886 -0.0003761460097249 0.0006468314332974 0.999999720061599 0.342508494853973
1655511348.65638 0.999985112092992 -0.0047876147777515 0.002618078896268 0.546464741230011 0.0047793965948342 0.999983660326746 0.0031363111630717 -0.076043613255024 -0.0026330515673862 -0.0031237516326009 0.999991654572768 0.34008714556694
1655511348.75623 0.999968860096595 -0.0044935871423208 -0.0064874117882572 0.564251959323883 0.0044961750592833 0.999989818277456 0.0003843842574477 -0.0763586536049843 0.0064856184710734 -0.0004135408268407 0.999978882645545 0.340277493000031
1655511348.85616 0.999998654667402 -0.0016233467695485 0.0002353904250045 0.584059596061707 0.0016244504710157 0.99998731842679 -0.0047669850289551 -0.0761333703994751 -0.0002276489701364 0.0047673609958615 0.999988610157676 0.340854823589325
1655511348.9566 0.999969292848116 -0.0018280556657807 0.0076204706758668 0.601011872291565 0.0018378781381922 0.999997489137793 -0.0012821552394627 -0.0735489502549171 -0.0076181076907651 0.001296121364585 0.999970141806554 0.340367048978806
1655511349.05681 0.999988465512046 -0.0020705502831154 -0.0043337817653458 0.622293412685394 0.002058472588459 0.99999399072918 -0.0027894795448529 -0.0724105909466743 0.0043395314801388 0.0027805263986664 0.99998671848154 0.342198699712753
1655511349.15662 0.999994194431334 0.0005622767057676 0.0033607958183565 0.643959522247314 -0.0005417435062024 0.999981202820084 -0.0061074152037848 -0.0748791247606277 -0.0033641667021744 0.0061055590574562 0.999975701970301 0.344267219305038
1655511349.25739 0.99998329195191 0.0010050343388748 0.0056926024802348 0.665131032466888 -0.0010203470425393 0.999995867665677 0.0026876650614688 -0.0729184448719025 -0.00568987776082 -0.0026934285859368 0.999980185170446 0.347058087587357
1655511349.35689 0.999986446507862 0.0045167255563257 -0.002589592791923 0.685184299945831 -0.0045205999964423 0.999988668600638 -0.0014922620394847 -0.0736945495009422 0.0025828233101224 0.0015039483272889 0.999995533571614 0.346513867378235
1655511349.45571 0.999987209499351 0.0048168028577073 0.0015424810956582 0.704825043678284 -0.0048147419286964 0.999987515200098 -0.0013370505198748 -0.0747440680861473 -0.0015489021468554 0.0013296067699238 0.999997916521818 0.345131367444992
1655511349.55552 0.999962414379042 0.0083032951275948 -0.0024950188897505 0.727334856987 -0.0083023304345787 0.999965456350157 0.0003967565718786 -0.0746482685208321 0.0024982270896018 -0.0003760271882733 0.999996808727389 0.346672892570496
1655511349.65624 0.999974339688434 0.0070996416127713 -0.0009565843661095 0.745643973350525 -0.0071003002133364 0.999974556653735 -0.0006868639218794 -0.0756484195590019 0.0009516835397201 0.0006936383329159 0.999999306581911 0.348147988319397
1655511349.75618 0.999951594201066 0.0097844807601934 -0.0010359493229852 0.766022801399231 -0.0097817544649433 0.999948764740986 0.002604836379555 -0.0764582976698875 0.0010613832172926 -0.0025945768884534 0.999996070810499 0.346761435270309
1655511349.85627 0.999966427396586 0.0081193331593185 0.0011047663804085 0.788467466831207 -0.0081194351148519 0.999967032985963 8.7833165781478e-05 -0.0766440704464912 -0.0011040168128243 -9.68002959362334e-05 0.999999385888101 0.345094740390778
1655511349.95585 0.999952595508227 0.0097202834662875 0.0005681775207496 0.808634340763092 -0.0097207233599999 0.999952451042838 0.0007766535771483 -0.0782443657517433 -0.000560601211576 -0.0007821398567787 0.999999536991656 0.343319952487946
1655511350.05592 0.999934181086677 0.0114060108419325 0.0012395205484106 0.829811692237854 -0.0114099336162771 0.999929767733352 0.0032051545356349 -0.075830265879631 -0.0012028754666894 -0.0032190864230197 0.999994095269174 0.340595275163651
1655511350.15927 0.999920352552124 0.0124594075791528 -0.0020128871830075 0.852648437023163 -0.0124675881095994 0.999913854605876 -0.0041039753835657 -0.0774783417582512 0.0019615806800491 0.0041287443607091 0.999989552781048 0.340472251176834
1655511350.25677 0.999888885043643 0.0147964019264028 -0.0018121965160093 0.871701657772064 -0.0148025111798547 0.999884637484597 -0.0034054933661281 -0.0759662091732025 0.0017615984078579 0.0034319400240697 0.999992559251678 0.338654637336731
1655511350.38539 0.999894422107438 0.0143917147937074 0.0020057875583731 0.893817782402039 -0.0143862013433805 0.999892768326448 -0.0027366145837178 -0.0766588002443314 -0.0020449570510056 0.0027074699940505 0.999994243861879 0.340446501970291
1655511350.50002 0.999931442522747 0.01139396863389 -0.0026995801800458 0.915700912475586 -0.0113996859497734 0.999932791013678 -0.0021120170081883 -0.0772318169474602 0.0026753344884529 0.002142646579879 0.999994125808251 0.341492354869843
1655511350.55927 0.999965534061507 0.0082781772250251 0.0006344059558266 0.937448978424072 -0.0082802435484282 0.999960184204653 0.0033267960825021 -0.0780150145292282 -0.0006068408888865 -0.0033319344571757 0.999994264962009 0.342494875192642
1655511350.65634 0.99996652945258 0.0080323930619489 -0.0015558394072313 0.957460105419159 -0.0080293436173436 0.999965850431434 0.001956428381894 -0.0795030146837234 0.0015715010777478 -0.001943870529951 0.999996875870983 0.342978417873383
1655511350.75593 0.99993471632282 0.0073007279367073 -0.0087899069389929 0.979731261730194 -0.007280123711324 0.999970682013162 0.00237379714356 -0.079709529876709 0.008806979683739 -0.0023096505634267 0.99995855045253 0.345088124275208
1655511350.85518 0.999974747305236 0.006993141992035 0.0012651944154746 1.00006675720215 -0.0069919922347932 0.99997514083338 -0.0009109115495883 -0.0799354538321495 -0.0012715330976043 0.0009020423170885 0.999998784760882 0.342544347047806
1655511350.9557 0.999967660935077 0.006564488786522 -0.0046459198229815 1.01897871494293 -0.0065545597213852 0.999976209130565 0.0021491672163837 -0.0807522237300873 0.0046599174766019 -0.0021186457553851 0.999986898168808 0.338680773973465
1655511351.05516 0.999978270703274 0.0061999231377043 0.0022403290777252 1.03819358348846 -0.0061999359670809 0.99998078021156 -1.21841950403327e-06 -0.0803436115384102 -0.0022402935731815 -1.26715037984516e-05 0.999997490458921 0.336613416671753
1655511351.15459 0.999976816757002 0.0068087436557013 -8.34168160087947e-05 1.06144833564758 -0.006808880701237 0.999975251747112 -0.0017706035399466 -0.0808540135622025 7.1359165968963e-05 0.0017711304667632 0.999998429001136 0.335952490568161
1655511351.25464 0.999984902044321 0.0054902895206129 -0.0002289200522968 1.08197271823883 -0.0054907568935488 0.999982734048529 -0.002093607786735 -0.0830092132091522 0.0002174215868825 0.0020948331218927 0.999997782198563 0.334842950105667
1655511351.3552 0.999992187883219 0.0023948537655404 0.0031446538718625 1.10302495956421 -0.0023898580841369 0.999995877964518 -0.0015914246163843 -0.0846527814865112 -0.0031484521387228 0.0015838969075119 0.999993789240572 0.332409381866455
1655511351.45495 0.999988522488521 0.0011199645357377 0.0046583871310688 1.1256263256073 -0.0011283426706018 0.99999775013247 0.0017962663545566 -0.0858828127384186 -0.004656364895701 -0.0018015019948651 0.999987536350589 0.330900520086288
1655511351.55558 0.999997370146351 -0.002221432803662 0.0005700321754809 1.1491311788559 0.0022189138048611 0.999987935993297 0.0043822698903828 -0.0877073481678963 -0.0005797602166979 -0.004380993513391 0.999990235339289 0.33079469203949
1655511351.65542 0.999972982720218 -0.0069059305965133 0.0025183232965927 1.17364609241486 0.0068896175939348 0.999955594022212 0.0064298641583747 -0.0889132842421532 -0.002562615663607 -0.0064123401564443 0.999976157163099 0.331650078296661
1655511351.75516 0.999937147219441 -0.0066456308761863 -0.009029795175087 1.19863259792328 0.0067252763622168 0.999938498266474 0.0088187494828287 -0.0900167152285576 0.0089706336731779 -0.0088789230679494 0.999920343055713 0.332710415124893
1655511351.85468 0.999909972211931 -0.0061478547240337 -0.0119269171803942 1.21559488773346 0.0062319894618729 0.999955870460945 0.0070298960192049 -0.0921595394611359 0.0118831720715855 -0.0071035915553968 0.999904160011614 0.332009613513947
1655511351.95496 0.999964811950937 -0.006043541947311 -0.0058181148714412 1.23823416233063 0.0060449959447792 0.999981701850043 0.0002323555861298 -0.0911816507577896 0.0058166041599713 -0.0002675178907942 0.999983047631421 0.329405575990677
1655511352.0541 0.999976598791219 -0.0049889574712329 0.0046810440390962 1.25996696949005 0.005012880977097 0.99997436388896 -0.0051129824153835 -0.0897635444998741 -0.00465541558351 0.005136328282031 0.999975972330098 0.328366845846176
1655511352.1548 0.999979676941697 -0.0063275355763172 -0.0007797416940754 1.28113234043121 0.0063267126015242 0.999979431284411 -0.0010534304741398 -0.0879901796579361 0.0007863912745926 0.001048475863609 0.999999141143194 0.327522248029709
1655511352.255 0.999960614341116 -0.0078129729251725 -0.0042103706022899 1.30388951301575 0.0078123050424157 0.999969468157377 -0.0001750513549006 -0.0907797440886497 0.0042116097234136 0.0001421517609009 0.999991121028789 0.326795011758804
1655511352.35465 0.999977850241175 -0.0065242048304163 0.0013167301806581 1.32434129714966 0.0065240419692097 0.999978710026796 0.0001279434611489 -0.0906431153416634 -0.0013175368768551 -0.0001193502242714 0.999999124925668 0.326633989810944
1655511352.45388 0.999986886284557 -0.0035798729681851 -0.0036622081383853 1.34729945659637 0.0035886646572382 0.99999068812372 0.0023969046346932 -0.0899816602468491 0.0036535934222472 -0.0024100156392816 0.999990421493988 0.322924256324768
1655511352.55501 0.999978789898924 -0.0055261444666339 -0.0034469522215107 1.36742091178894 0.005534833057451 0.999981516925234 0.0025162334817785 -0.0917515605688095 0.0034329834415029 -0.0025352584173151 0.99999089350326 0.323490411043167
1655511352.65385 0.99996083605108 -0.0081233148585486 0.0035125659757514 1.3884596824646 0.0081112100780017 0.999961163311002 0.0034467580096585 -0.0925156697630882 -0.0035404286598727 -0.0034181318604617 0.999987890796428 0.326119631528854
1655511352.75478 0.999961910166128 -0.0078169300284996 -0.0038825020074738 1.41300678253174 0.0078463501922819 0.999940175003823 0.0076211024125958 -0.0928860232234001 0.0038226961125068 -0.0076512755964438 0.999963421819108 0.326506614685059
1655511352.85329 0.999970347213484 -0.0076593466447987 -0.0007994390021214 1.43618249893188 0.0076624951155816 0.999962592171067 0.0040125337537228 -0.0931793376803398 0.0007686757099003 -0.004018540468365 0.999991630200052 0.325709402561188
1655511352.95426 0.999922737559085 -0.0061491809979787 -0.0108030775892803 1.46015477180481 0.0061834838724654 0.999975937215323 0.0031447603302745 -0.0935315638780594 0.0107834799366843 -0.0032113180144616 0.999936699995087 0.324841380119324
1655511353.05506 0.999980032508444 -0.0028496387691523 -0.0056404027601991 1.48234462738037 0.0028543484065084 0.99999558428341 0.0008271087321155 -0.0918445959687233 0.0056380208926697 -0.0008431918914595 0.999983750741905 0.324553579092026
1655511353.15369 0.999925545208311 0.0013323934236426 -0.0121296647780224 1.50527715682983 -0.0013743677823114 0.999993094640326 -0.0034527937765897 -0.0908054560422897 0.0121249805386033 0.0034692073200295 0.999920471561368 0.321368634700775
1655511353.25375 0.99995749896212 0.0055564400603737 -0.0073570539808374 1.5241219997406 -0.0056172928440225 0.999949969986777 -0.0082766868098486 -0.0887818187475204 0.007310696993172 0.0083176617687486 0.999938683226214 0.319539159536362
1655511353.35385 0.999997018688045 0.0014556845713415 0.001960509487619 1.53090274333954 -0.0014434478743528 0.999979560236871 -0.0062286087297357 -0.0856368914246559 -0.0019695363048982 0.0062257602670575 0.999978680190653 0.318626701831818
1655511353.45405 0.999980920944527 0.0018604353836197 0.0058903758045298 1.55096793174744 -0.0018553963985527 0.999997908253232 -0.0008608097150889 -0.0847087725996971 -0.0058919649642077 0.0008498643095988 0.999982281082778 0.319953680038452
1655511353.55421 0.999896957625204 0.0039304872601243 0.0138067158209024 1.57707977294922 -0.0038397446716913 0.999970895759554 -0.0065927228587155 -0.0867725685238838 -0.0138322266001311 0.0065390292653889 0.999882948451242 0.322806507349014
1655511353.65316 0.999989068657439 0.0024986112769532 0.0039521522381534 1.59924113750458 -0.0024990749624545 0.999996870991428 0.0001123907699213 -0.0881664678454399 -0.0039518590509901 -0.0001222662660455 0.999992183899955 0.325025171041489
1655511353.7536 0.999990782385698 -0.0014355482245871 0.0040465225731886 1.62143909931183 0.0014239723596595 0.999994890257236 0.0028621254580644 -0.0888567045331001 -0.004050610615619 -0.0028563369397988 0.999987716871026 0.328289240598679
1655511353.85391 0.999953109370002 -0.0044024465242701 -0.0086254000409561 1.64636540412903 0.0044759850188155 0.999953642742799 0.0085251348093615 -0.0893715769052505 0.0085874687409576 -0.008563342221784 0.99992645957121 0.323781162500381
1655511353.95404 0.99993175876916 -0.0092096595826497 -0.0071874874042851 1.67019820213318 0.0092273796175943 0.999954459294456 0.0024361450131826 -0.0894755423069 0.0071647240147722 -0.0025023004424244 0.999971202196487 0.32297471165657
1655511354.05398 0.999945957121874 -0.0088224157297912 -0.0054998014792301 1.69313168525696 0.0088287129606644 0.999960396948807 0.0011217671073703 -0.090234749019146 0.0054896869745374 -0.001170262652448 0.999984246787041 0.318824172019958
1655511354.15419 0.999903270689798 -0.0038064506426412 -0.0133776005827153 1.71581089496613 0.0038721980594363 0.999980535655703 0.0048922788065787 -0.085108645260334 0.0133587179786844 -0.0049436062988408 0.999898547559065 0.317065447568893
1655511354.2526 0.99999019767094 -0.0020167744428044 -0.0039417233389461 1.73754525184631 0.001994281575859 0.999981754977943 -0.0057019779225575 -0.0842830911278725 0.0039531510254645 0.0056940611236616 0.999975974843841 0.313017994165421
1655511354.35323 0.999963394575153 0.002347442866062 -0.0082279415243419 1.75859570503235 -0.0023717875060056 0.999992835243586 -0.0029502687201716 -0.0823379009962082 0.0082209569858849 0.0029696756532393 0.999961797716668 0.310618728399277
1655511354.45274 0.999979375178071 0.0045567039692692 0.0045261095226868 1.78228366374969 -0.0045226577924392 0.999961616001589 -0.0075041381905265 -0.0804527029395103 -0.0045601299287848 0.0074835133745103 0.999961600384038 0.310480177402496
1655511354.55301 0.999981709336241 0.0055708169601528 -0.0023552051642914 1.8041079044342 -0.0055929155436153 0.999939396231452 -0.0094827822922499 -0.0812694430351257 0.0023022355855596 0.0094957813094393 0.999952263784943 0.311571598052979
1655511354.65284 0.999971643796945 0.0069819998025709 -0.0028219285591114 1.82724952697754 -0.0069990435978351 0.999957048655254 -0.0060757084681994 -0.0813412219285965 0.0027793867581596 0.0060952869851915 0.999977560991154 0.314079701900482
1655511354.75341 0.999981336935124 0.0056784522027863 -0.0022540989381784 1.84814369678497 -0.0056890115036677 0.999972743754586 -0.0047060488773547 -0.082908421754837 0.0022273144262905 0.0047187846428489 0.9999863859783 0.317600637674332
1655511354.85513 0.999999971679646 -3.03846755862315e-05 -0.0002360455034476 1.8687356710434 3.13368103666201e-05 0.999991859929672 0.0040347357285138 -0.0845168977975845 0.0002359209878844 -0.0040347430111618 0.999991832561707 0.320759385824203
1655511354.95302 0.999979406063278 -0.0064176524601844 3.44417525986866e-05 1.89213728904724 0.0064172008460515 0.999950114972126 0.0076542210925948 -0.0866887345910072 -8.35621652965856e-05 -0.0076538424424061 0.99997070542753 0.322677284479141
1655511355.05322 0.999948761088552 -0.0076671791698221 -0.0066098079433305 1.90980899333954 0.0077340857944364 0.99991850733055 0.0101568998600984 -0.0871831923723221 0.0065313945213993 -0.0102075002533244 0.999926571216199 0.324085116386414
1655511355.15351 0.999951569969339 -0.0095951627735601 -0.0021887364398297 1.93431425094604 0.0096118998214744 0.9999236237661 0.0077690421734436 -0.0882842689752579 0.0021140240481346 -0.0077897038338882 0.999967425177693 0.321128159761429
1655511355.25267 0.999971364848158 -0.0048037124884659 -0.0058475490627012 1.95193207263947 0.0048583514090223 0.999944337214149 0.0093658365852838 -0.0879877582192421 0.0058022327856603 -0.0093939778413592 0.999939041779556 0.317377686500549
1655511355.35296 0.999999494142811 -0.001000567914577 0.0001028492606651 1.97405767440796 0.0010007980169807 0.999996940605624 -0.002262119077807 -0.0875716358423233 -0.0001005855422404 0.0022622208648339 0.999997436116367 0.31494414806366
1655511355.45346 0.999980705357258 0.0038576162461121 -0.0048690563869598 1.99563705921173 -0.0038740432264943 0.999986821267142 -0.0033688397283953 -0.0842828005552292 0.0048559965280996 0.0033876376627516 0.999982471450768 0.311214178800583
1655511355.55243 0.999980476859929 0.0061992267996675 0.000784529205808 2.01471281051636 -0.006192650819376 0.999947825294644 -0.008123900808242 -0.084564708173275 -0.0008348501768361 0.0081188838887594 0.999966692820107 0.30564934015274
1655511355.65264 0.999976813813443 0.0050472532800516 0.004571331298652 2.03669571876526 -0.0050216590917639 0.999971749538973 -0.0055931264898154 -0.0844597741961479 -0.0045994320824568 0.0055700411391638 0.999973909592759 0.303169220685959
1655511355.75418 0.999946743403013 0.00846139483256 -0.0059089047374378 2.05720496177673 -0.0084437735868514 0.999959848263693 0.0030007579152657 -0.0841236189007759 0.0059340580821709 -0.0029507046513616 0.999978039907246 0.304094403982162
1655511355.85329 0.999905897593602 0.0136557951269655 -0.0013096629270388 2.08023738861084 -0.0136577042615404 0.999905663254902 -0.0014600359852451 -0.0854560509324074 0.0012896014254085 0.0014777855812853 0.99999807653712 0.304864525794983
1655511355.95175 0.99985175917216 0.0170711783571646 0.0022437802553464 2.10032939910889 -0.0170704465887313 0.999854229830734 -0.0003448809243617 -0.0852313786745071 -0.0022493407028905 0.0003065274679223 0.999997423250337 0.303008019924164
1655511356.05305 0.999815938741641 0.0188548807950774 -0.0035471267774389 2.12334728240967 -0.0188671071871744 0.999816063319027 -0.0034455472180609 -0.087275467813015 0.0034815089486421 0.0035118370474206 0.999987772973246 0.3035708963871
1655511356.1527 0.999861921548039 0.0165531599790537 0.0014597030422342 2.13998103141785 -0.0165559425843087 0.999861106626835 0.0019152598010289 -0.0889007970690727 -0.001427796697267 -0.0019391621046778 0.999997100519258 0.303163468837738
1655511356.25314 0.999849858838285 0.0169224085294162 0.0037271799829826 2.1632091999054 -0.0169207797294869 0.999856723779589 -0.0004681090606483 -0.0894345417618752 -0.0037345674994824 0.0004049719867059 0.999992944476751 0.305493056774139
1655511356.35317 0.999903752751487 0.0135543049454477 -0.0029607517524044 2.18396377563477 -0.0135471667497616 0.999905309688203 0.0024178358903558 -0.0901587903499603 0.0029932434828638 -0.0023774933826095 0.999992693982645 0.307385444641113
1655511356.45189 0.999885647649824 0.0147999444610134 -0.0031069708466849 2.20517039299011 -0.0147978782822559 0.999890269426212 0.0006869535068791 -0.0900634676218033 0.0031167967907403 -0.0006408983757154 0.999994937400704 0.308561772108078
1655511356.55348 0.999866089235163 0.0163324321514704 0.0010272573185691 2.22535514831543 -0.0163334781574246 0.999866081372381 0.0010182398141215 -0.089886412024498 -0.0010104894170007 -0.0010348821458241 0.999998953964494 0.307354152202606
1655511356.65311 0.999868382181012 0.0161690328508753 -0.0013344254921608 2.24669647216797 -0.01617418477192 0.999861407625576 -0.0039447798374433 -0.0887011736631393 0.0012704572761823 0.0039658438785993 0.999991328972727 0.307781606912613
1655511356.75152 0.999871061795354 0.0160579641483154 -3.96439421125829e-05 2.27007603645325 -0.0160573437790566 0.999803799316507 -0.0115984733063756 -0.0905663147568703 -0.0001466117045849 0.0115976143964581 0.999932734660347 0.309289187192917
1655511356.85209 0.99990699591815 0.0127489393402243 0.0048439714738255 2.29017400741577 -0.0127293308997876 0.999910746416626 -0.0040575035908917 -0.0913093462586403 -0.0048952679991667 0.0039954657107361 0.999980036103207 0.309946745634079
1655511356.95263 0.99995799688914 0.0091242790957323 -0.0008671726708287 2.3138439655304 -0.0091226751975208 0.999956702247955 0.0018358721726876 -0.0939610749483109 0.0008838861342891 -0.0018278841257291 0.999997938790338 0.312644422054291
1655511357.05253 0.999950772294061 0.0037159841860669 -0.0092002418468164 2.33477663993835 -0.0036511681847654 0.999968469810063 0.0070518335635366 -0.095435231924057 0.0092261562634484 -0.0070178947876243 0.999932811339518 0.314931154251099
1655511357.1532 0.999988853289447 -0.0012846278077161 -0.0045434599428161 2.35315656661987 0.0013065814988943 0.999987470930306 0.0048322693630286 -0.0964035615324974 0.0045371953498917 -0.0048381518998229 0.999978002830338 0.312842279672623
1655511357.25309 0.999956350535511 -0.0057038690926638 -0.0074001960160306 2.37405490875244 0.0057561504004927 0.999958490248795 0.0070628968503099 -0.0973897203803062 0.0073596029966859 -0.0071051851999061 0.999947674924546 0.314251631498337
1655511357.3521 0.99996989936219 -0.0077184743887109 -0.0007908999194831 2.39080572128296 0.007725043265566 0.99993257916667 0.008669534453281 -0.0971943289041519 0.0007239310167117 -0.0086753832308612 0.999962106106867 0.313323348760605
1655511357.45159 0.999949612267104 -0.0084499308627904 0.0054195567422084 2.41316413879395 0.0084311797519773 0.999958424269058 0.0034734624416396 -0.0964816138148308 -0.0054486819376618 -0.0034275941646722 0.999979281517064 0.314047992229462
1655511357.55335 0.999955277407458 -0.0055526587710623 0.0076557929402998 2.43373417854309 0.0055551064516223 0.999984525728776 -0.0002984883686484 -0.0961195230484009 -0.0076540170684252 0.0003410037642297 0.999970649438847 0.312834948301315
1655511357.65128 0.999993490644983 -0.0013954684677242 -0.0033273616302795 2.45369243621826 0.0013861910766709 0.9999951502708 -0.0027888903131236 -0.0962197855114937 0.0033312373019685 0.0027842598002457 0.999990575333289 0.313527315855026
1655511357.75157 0.999989922318713 0.0042727994273181 -0.0013778410897495 2.47651147842407 -0.0042838400637923 0.99995791991548 -0.0081121583203909 -0.0976301729679108 0.0013431214846543 0.0081179790195066 0.999966146647633 0.312414824962616
1655511357.85108 0.999966584845912 0.0068322032201701 -0.0044888963856906 2.49835443496704 -0.0068280418903443 0.999976245240628 0.0009416997388662 -0.0985844060778618 0.0044952236370254 -0.0009110178992614 0.9999894814501 0.312593460083008
1655511357.95185 0.999953775566046 0.0071713217148501 -0.0064045980414562 2.51722192764282 -0.0071549831502146 0.999971099346805 0.0025703476928882 -0.100766107439995 0.0064228457346141 -0.0025244040889505 0.999976186934802 0.309368759393692
1655511358.0517 0.999981141269862 0.0055079239589993 -0.0027165931397185 2.53682518005371 -0.0054975847542312 0.999977672437553 0.0037988403815089 -0.10157261043787 0.0027374562087693 -0.0037838340391749 0.999989094407269 0.309507012367249
1655511358.15092 0.999986047178992 0.0052562483087673 -0.000526593820505 2.55722379684448 -0.0052536062590118 0.99997419977841 0.0048989181258726 -0.100611537694931 0.0005523301643817 -0.0048960832555535 0.999987861576401 0.308737426996231
1655511358.25104 0.999987505708315 0.0049937224113327 0.0002261940345638 2.57737159729004 -0.0049936696082984 0.99998750431429 -0.0002334076286873 -0.100752741098404 -0.0002273567810206 0.0002322751741483 0.999999947178567 0.309385478496552
1655511358.36589 0.999983123072975 0.0045897745472809 0.003561957162069 2.59848284721375 -0.0045884059523801 0.999989396258606 -0.0003923023908823 -0.101337991654873 -0.0035637199715249 0.0003759520645789 0.999993579259392 0.309491962194443
1655511358.45072 0.999975576200444 0.0061639022857421 -0.0032944364011758 2.62180733680725 -0.0061567498058707 0.999978677697793 0.0021768283353929 -0.0990649983286858 0.0033077839133594 -0.0021564921483006 0.99999220402321 0.307848423719406
1655511358.55142 0.999981807062205 0.0051795221278097 -0.0030916169124906 2.64561581611633 -0.005173181351829 0.999984506554124 0.0020554431164652 -0.0972641408443451 0.0031022152257955 -0.0020394122269577 0.999993108505484 0.308762550354004
1655511358.65066 0.999986635586904 0.0031779503447192 -0.0040779013219179 2.6675751209259 -0.003191303604087 0.999989554011361 -0.0032722239328205 -0.0935748144984245 0.0040674597590317 0.0032851940226538 0.999986331542258 0.30570387840271
1655511358.7506 0.999990226914184 0.0005942668259496 -0.0043809728439381 2.6918613910675 -0.0006139770369622 0.999989690613023 -0.0044990776686156 -0.0927301943302155 0.0043782540261879 0.0045017235154692 0.999980282494146 0.305088490247726
1655511358.8514 0.999955136680967 0.0006601562786313 -0.009449276111781 2.71506500244141 -0.0006515413182454 0.999999369358227 0.0009147551905032 -0.0908784568309784 0.0094498740340551 -0.0009085575577349 0.999954936186579 0.303371965885162
1655511358.95054 0.99993452136824 -0.001651415261341 -0.0113236833099601 2.7363064289093 0.0016600738477537 0.999998336846613 0.0007552872480876 -0.0902118384838104 0.0113224171840497 -0.0007740359434351 0.999935599795041 0.30246165394783
1655511359.05029 0.999966249015807 -0.0061753406474009 -0.0054190402421832 2.75494313240051 0.0061728224839618 0.999980832127178 -0.0004812907844269 -0.0867459028959274 0.0054219085052533 0.0004478237669408 0.999985201071513 0.298487573862076
1655511359.15064 0.999932787944023 -0.0100412061403099 0.005796013607796 2.77334904670715 0.0100868788007456 0.999917877062493 -0.0079053151041344 -0.0863133370876312 -0.005716158723568 0.0079632474584425 0.999951954955518 0.300080686807632
1655511359.2516 0.999928073310896 -0.0108290956203723 0.0051554721223287 2.79489541053772 0.0108712303917394 0.999907151020398 -0.0082161845184792 -0.0854121521115303 -0.0050660195942176 0.0082716398807497 0.999952956603036 0.30349212884903
1655511359.35119 0.999972017027723 -0.0071379427422453 -0.0022394050359657 2.81691718101501 0.0071348903385276 0.999973610495917 -0.0013680831908281 -0.0847268328070641 0.0022491112386601 0.0013520669984389 0.999996556700806 0.307321220636368
1655511359.45033 0.99997742723204 -0.0057902412678474 -0.0034085381689826 2.84474968910217 0.0057954993397922 0.999982028176987 0.0015347672271779 -0.086505614221096 0.0033995902388026 -0.0015544867639414 0.999993013154146 0.307242900133133
1655511359.55135 0.999962078377475 -0.0085980314406276 -0.0013840745452322 2.8655002117157 0.0085984453335107 0.999962989651895 0.0002933671621556 -0.0861161574721336 0.0013815009400676 -0.0003052569265115 0.99999899913618 0.305383235216141
1655511359.65117 0.99993877880857 -0.0109563099002806 0.0015485180637221 2.88590455055237 0.0109606621437165 0.999935923699177 -0.0028306149940493 -0.0872146040201187 -0.0015174057453296 0.0028474144837468 0.999994794841734 0.305237114429474
1655511359.75115 0.999938259112781 -0.0103654272972811 -0.0040044824192988 2.90885305404663 0.0103533431518497 0.99994182202161 -0.0030266908800757 -0.0863041579723358 0.004035622390876 0.0029850442288628 0.999987401552074 0.303728103637695
1655511359.85143 0.99993839440718 -0.0110260565505216 -0.001278071725201 2.92998623847961 0.0110288170783311 0.999936818819633 0.0021733758819775 -0.086137093603611 0.0012540272097406 -0.0021873376091381 0.999996821479919 0.303320795297623
1655511359.95063 0.999956985627623 -0.0092513047912125 0.0006635165240457 2.95239663124084 0.0092504892301607 0.999956466802573 0.0012218628065823 -0.0864837393164635 -0.0006747914642866 -0.0012156723964608 0.999999033398085 0.30421507358551
1655511360.04974 0.999952240851752 -0.0059654237805476 -0.0077414297567705 2.97581791877747 0.0060094052874997 0.999965865397908 0.0056705455736694 -0.0854420214891434 0.0077073382987323 -0.0057167961421558 0.999953956529108 0.301859349012375
1655511360.15001 0.999934225672952 -0.0075213997078766 -0.0086586877913158 2.99931931495667 0.0075534165680336 0.999964734528072 0.003670912468689 -0.0855219066143036 0.0086307720386349 -0.003736073692712 0.999955774785755 0.300985813140869
1655511360.25074 0.999871432135995 -0.0100002088885752 -0.0125345530634375 3.01939630508423 0.0100631231535397 0.999937032803197 0.0049662844396258 -0.0836129933595657 0.0124840999159716 -0.0050917826861953 0.999909106368356 0.301860809326172
1655511360.35008 0.999879182995437 -0.0113416148023058 -0.0106295430783319 3.04204535484314 0.0113585199316996 0.999934317306683 0.0015313710783442 -0.0790875032544136 0.0106114766804238 -0.0016519219395977 0.999942332195495 0.304139614105225
1655511360.45001 0.99997346056327 -0.0047916733549046 -0.0054879901219313 3.06054854393005 0.0047880717800372 0.99998831319131 -0.0006692155313901 -0.0734061300754547 0.0054911326470711 0.0006429208801549 0.999984716940711 0.304707050323486
1655511360.55 0.999999478819059 0.0003700620520609 0.0009515333349014 3.08230328559875 -0.0003643731250203 0.999982101463726 -0.005971933055322 -0.06898133456707 -0.0009537262896487 0.0059715832296895 0.999981715132779 0.305277526378632
1655511360.64975 0.999981914460966 0.005973136850547 -0.0007017030332606 3.10111236572266 -0.0059823212483471 0.999885348466467 -0.0139104908099632 -0.0666054040193558 0.0006185333166655 0.0139144370442046 0.999902998224467 0.304002463817596
1655511360.74978 0.999920238929297 0.0120421000382456 -0.0038083600469006 3.12247347831726 -0.012080019051305 0.999876067729651 -0.0100956585327409 -0.0619497522711754 0.0036863151381904 0.0101408583541276 0.999941785341798 0.302817851305008
1655511360.84995 0.999799874059215 0.0199151601209009 0.0018968997172228 3.14409470558167 -0.0198948932394916 0.999750423191518 -0.0101629007359674 -0.0623761750757694 -0.0020988220904949 0.0101231282585364 0.999946557181979 0.303170740604401
1655511360.95012 0.999648219798785 0.026467655473769 0.0017028995394452 3.16038346290588 -0.026445605105536 0.999579673975235 -0.0118787771325296 -0.0601251684129238 -0.0020165871470447 0.0118295642051652 0.999927994801123 0.304256528615952
1655511361.05011 0.99939969346163 0.0341267891129319 0.0059678282181698 3.18163824081421 -0.03406602539428 0.999369521860692 -0.0100032339654437 -0.0609222203493118 -0.0063054438889251 0.0097939287710605 0.999932157867018 0.30742135643959
