0 0 0 0 0 0 0 0 0 0 0 0 0
1655529833.48102 0.99670315766104 -0.0104406359833696 -0.0804599815360125 0.378352433443069 0.0111381257839315 0.999904142537872 0.0082248337140481 0.326380521059036 0.0803663963515475 -0.0090938911289497 0.996723905342699 0.0117358444258571
1655529833.58049 0.999853009768639 -0.0032284475140245 -0.0168385267539514 0.356326520442963 0.0029800078390259 0.999886646380956 -0.0147585210073336 0.321810185909271 0.0168842651564612 0.0147061727071918 0.99974929361037 0.0497336126863956
1655529833.67775 0.998347366468902 -0.0136484307255595 0.0558234377599309 0.340342491865158 0.0145580902673001 0.999767261400776 -0.0159212134889826 0.31547874212265 -0.0555931459118515 0.016707584203655 0.998313707587801 0.0989383086562157
1655529833.78478 0.997426872730067 -0.0279925367647185 0.066000389706391 0.332317113876343 0.0289066922339047 0.999498398878233 -0.0129365290531791 0.310011744499207 -0.0656051575717482 0.0148110946700545 0.997735733936928 0.137375444173813
1655529833.87811 0.997589978437129 -0.0414613730755694 0.0556344269719439 0.325518041849136 0.04166447905726 0.999128542570898 -0.0024953166213845 0.304983109235764 -0.0554824846838645 0.004807282271956 0.998448087749415 0.160528093576431
1655529833.97733 0.998223306832054 -0.0502660985434045 0.0319929528881682 0.326577335596085 0.0500003341130429 0.998708161468366 0.0090539938734166 0.299876093864441 -0.0324067321071391 -0.0074382493706878 0.999447085222842 0.177409082651138
1655529834.0782 0.998184650522171 -0.0587767368841228 0.0131414863385559 0.334598124027252 0.0585927491034211 0.998184174124438 0.0139729839338776 0.295898616313934 -0.0139389100877866 -0.0131776222729085 0.999816011602533 0.187651053071022
1655529834.18304 0.997837409053013 -0.0657304036174606 -0.0001383280715735 0.343158811330795 0.0657173692464721 0.997592977647122 0.0221241571245234 0.294042825698853 -0.0013162346646778 -0.022085402179573 0.999755221310134 0.195454835891724
1655529834.27797 0.994723731253008 -0.0740120924618185 0.071041598036056 0.35735422372818 0.073416260482875 0.997241099907034 0.0109654618197272 0.294840931892395 -0.0716571781387181 -0.0056919966296967 0.997413078917438 0.198882430791855
1655529834.37759 0.995036435621353 -0.0761418851992535 0.064069533354453 0.374181002378464 0.0753789188400774 0.997053192221985 0.0142460687366683 0.29763799905777 -0.0649654552855184 -0.0093458653025043 0.997843747498221 0.200648710131645
1655529834.47702 0.99583613067117 -0.0736772177592287 0.0536848994888885 0.395201534032822 0.0734588716795148 0.997280006475259 0.0060318203123704 0.301104158163071 -0.0539832846485414 -0.0020630724580928 0.99853970812912 0.209274157881737
1655529834.57639 0.996749010374772 -0.0668930682961447 0.0449079918370758 0.419637709856033 0.0670304390787405 0.997749713938747 -0.0015583876476052 0.305949240922928 -0.0447026906776628 0.0045635237565145 0.998989911709373 0.217376038432121
1655529834.67708 0.99803065307806 -0.0591150283517344 0.020981633386252 0.447861224412918 0.0592589651499845 0.998222728787621 -0.0063054564583976 0.311148226261139 -0.0205715960959371 0.0075363887087555 0.999759977334208 0.229587763547897
1655529834.77657 0.998727275710408 -0.05004550145469 0.0062670995057133 0.479493051767349 0.0501074504317192 0.99869223473358 -0.0101520290622846 0.316578507423401 -0.0057508402254539 0.0104531367061416 0.999928827352079 0.240962490439415
1655529834.8766 0.998824362292126 -0.0484371277534879 -0.0019333770249928 0.507536351680756 0.0484198968161708 0.998793908518555 -0.0081389126140445 0.320185303688049 0.0023252707454935 0.0080357302854174 0.999965009465201 0.25096333026886
1655529834.97749 0.999026253012094 -0.0440525441878179 0.0024329289338416 0.538115620613098 0.0440743148292215 0.998980500323366 -0.0097680471954725 0.324326574802399 -0.0020001412328731 0.0098657652647254 0.99994933177176 0.260955005884171
1655529835.07736 0.9991162910228 -0.0419221397987026 -0.003028400162023 0.563158929347992 0.0419044269050964 0.999105403947338 -0.005693049181449 0.326514333486557 0.0032643557708578 0.0055611148095509 0.9999792087756 0.266117423772812
1655529835.17643 0.999184714662441 -0.0400074303941076 0.0054140094382369 0.586783111095428 0.0400581253598135 0.999151197447848 -0.0096037092411143 0.328734964132309 -0.0050251942842192 0.0098127545465599 0.999939226788616 0.272447943687439
1655529835.27624 0.999265229237092 -0.0383272130303174 0.0001624163503566 0.61194783449173 0.038327396448346 0.999264338816483 -0.001338600443919 0.331665515899658 -0.0001109920425755 0.0013438418752994 0.999999090884477 0.279593169689178
1655529835.37667 0.99914112958638 -0.0376838646623941 0.0172316427817816 0.633984804153442 0.037720074092895 0.999286757569109 -0.001781055148883 0.335053443908691 -0.0171522354018089 0.0024295042957817 0.999849937905483 0.287409275770187
1655529835.47716 0.999247481282556 -0.0365375070009349 0.0130185149930395 0.656572699546814 0.0365702249288488 0.999328475578335 -0.0022839761238168 0.336748540401459 -0.0129263219486739 0.0027583474105685 0.999912647044952 0.295123279094696
1655529835.57721 0.999223572584274 -0.0352020981837079 0.0176936224494469 0.683650076389313 0.0352860723540828 0.999367316903878 -0.0044563440358265 0.340096741914749 -0.0175255553333244 0.0050772224501001 0.99983352450418 0.301982372999191
1655529835.67666 0.999316805321403 -0.0341346935102068 0.0141684614968985 0.708336114883423 0.0341882124166326 0.999409098737802 -0.0035523924120398 0.340101391077042 -0.0140388295089036 0.0040343598077204 0.999893311912307 0.306714326143265
1655529835.7765 0.999383590545111 -0.0346962049068245 0.0053490479736918 0.736742496490479 0.0346973256726494 0.999397859683151 -0.0001168413594461 0.342713475227356 -0.0053417731445012 0.0003023669969092 0.999985686914504 0.311186552047729
1655529835.87659 0.999313643949422 -0.0363315874451397 0.0072288844397249 0.764910280704498 0.0363351813880261 0.999339592099148 -0.0003664104348625 0.343188971281052 -0.0072107981545716 0.000628821774194 0.999973804143464 0.31732964515686
1655529835.97666 0.999263620338822 -0.0369345481007831 0.0103950095691145 0.795054197311401 0.0369735282015763 0.999309822114493 -0.0035829649493127 0.346560448408127 -0.0102554999721264 0.0039646667062566 0.999939551242089 0.323318928480148
1655529836.07616 0.999265784604706 -0.0371221218096561 0.0094783854474854 0.82205057144165 0.0371249301334384 0.999310624907889 -0.0001204524417416 0.349096387624741 -0.0094673798344298 0.0004722484012202 0.999955071840989 0.32721021771431
1655529836.17601 0.999408004333334 -0.034393458783097 0.000854907830273 0.851792752742767 0.034389862280502 0.999400823562538 0.0039155120799306 0.352951049804688 -0.0009890635929807 -0.0038837939512008 0.999991968916628 0.330054759979248
1655529836.27588 0.99949085485229 -0.0318953427228946 -0.0008474545579428 0.882666230201721 0.0318962542417617 0.999490596365984 0.0010847770803314 0.355082660913467 0.0008124235247562 -0.0011112553973831 0.99999905253928 0.330136716365814
1655529836.37661 0.999543724089798 -0.029927786480073 -0.0040830416481612 0.911721050739288 0.029935178483234 0.999550290049578 0.0017614627391721 0.359193474054337 0.0040284887829535 -0.0018828856066497 0.999990112961082 0.331854701042175
1655529836.47628 0.999710134550017 -0.0240719994682975 0.0004309519535398 0.94098824262619 0.024073372033733 0.999703967312825 -0.0035285263105195 0.363809853792191 -0.0003458856942042 0.003537877979359 0.999993681871286 0.33305898308754
1655529836.57609 0.999827887110792 -0.0184922029674534 0.0014948528291519 0.970239579677582 0.0184985602250864 0.999819393128292 -0.004357108464748 0.366434067487717 -0.0014140103143775 0.0043840111753092 0.999989390454142 0.333167731761932
1655529836.67564 0.999874706070392 -0.0151937334548413 0.0044410161394015 0.996738612651825 0.0152252726185719 0.99985847835728 -0.0071564188498513 0.370336651802063 -0.0043316549190062 0.0072231378754375 0.999964530893419 0.331875175237656
1655529836.7754 0.999917334749501 -0.0126460455460077 0.002324048085334 1.02637147903442 0.0126609430877749 0.999898646415264 -0.0065113298987228 0.371857404708862 -0.0022414699602651 0.0065402162785473 0.999976100406128 0.334053933620453
1655529836.87652 0.999928812644948 -0.0118625674823045 0.001284186587717 1.05575275421143 0.0118679787849695 0.999920363692271 -0.0042915443695443 0.373276919126511 -0.0012331755851517 0.0043064795650305 0.999989966705532 0.334281116724014
1655529836.97533 0.999930740247821 -0.0115634907948639 0.002190978795285 1.08709907531738 0.0115651536214186 0.999932841754451 -0.000747798490164 0.371522605419159 -0.0021821844920356 0.0007730857041746 0.999997320201078 0.338707536458969
1655529837.07529 0.99992528214339 -0.0118830093691345 -0.0028677898800296 1.11598646640778 0.0118799979193128 0.999928863336506 -0.0010648549202351 0.373022347688675 0.0028802395560199 0.0010307060187501 0.999995320921655 0.342039555311203
1655529837.17623 0.996852553497023 -0.0125836764920677 -0.0782728412184501 1.14455676078796 0.0131088572489738 0.999894857141984 0.0061993969575762 0.374743700027466 0.0781866001824593 -0.0072059521893058 0.996912699189329 0.343197613954544
1655529837.27627 0.996538181929889 -0.014126571615826 -0.0819273576423351 1.16598331928253 0.0137629227522746 0.999892776555771 -0.0050017345897803 0.374901652336121 0.081989230470758 0.003856859600066 0.996625752587619 0.345558553934097
1655529837.37589 0.997323986570616 -0.0147439149611078 -0.0716064437220107 1.17923152446747 0.0145678468836943 0.999889441168622 -0.0029804826243295 0.371307462453842 0.0716424709796298 0.0019293551047727 0.997428510691775 0.346213579177856
1655529837.47582 0.998346797693958 -0.0252276329386411 -0.0516453102472196 1.19302082061768 0.0256837250640889 0.999636596887111 0.008186600685734 0.3930344581604 0.0514200136235947 -0.0094995105278408 0.998631934948348 0.345501720905304
1655529837.5752 0.999207087001734 -0.0192619573512043 -0.0348450037237762 1.19715321063995 0.0189478437182614 0.999777010281644 -0.0093224959493947 0.388049602508545 0.0350168031655937 0.0086548663362598 0.999349246652422 0.342883676290512
1655529837.6752 0.999799297606617 -0.016359028409231 -0.0115648906099727 1.19888162612915 0.0163568341979712 0.999866177620922 -0.0002842969329577 0.388649553060532 0.0115679937904005 9.50748756578898e-05 0.999933084001341 0.342044323682785
1655529837.77533 0.999869468537211 -0.0112158693618237 -0.0116297102961882 1.19305396080017 0.0110891349665268 0.999879045642302 -0.0109052817998471 0.384306222200394 0.0117506158480701 0.0107748948903656 0.999872904256982 0.342299401760101
1655529837.87553 0.999985706881559 -0.0047808655177397 0.0023936076308952 1.20048522949219 0.0047901282553545 0.99998100336784 -0.0038791203571195 0.392017751932144 -0.002375016607657 0.0038905305999378 0.999989611479922 0.342698842287064
1655529837.97576 0.99997415222736 0.0068912301100639 -0.0020508107527126 1.19940030574799 -0.0069175093743154 0.999890322715734 -0.0130954420880344 0.391220539808273 0.001960342120537 0.0131092901026315 0.999912147926894 0.344559341669083
1655529838.07593 0.999253044533556 0.0386433493497515 0.0002110484603059 1.19735372066498 -0.038641425630967 0.999235618982942 -0.0059175992584737 0.392190665006638 -0.0004395629943262 0.0059050238619759 0.999982468585106 0.347271472215652
1655529838.17548 0.995350167126944 0.0962002899433035 0.0048527327547175 1.20008873939514 -0.096195509573558 0.995361723595883 -0.0012096024620477 0.393576472997665 -0.0049465885464509 0.000737166912592 0.999987493845146 0.347451418638229
1655529838.2751 0.985523821384631 0.169488665565837 0.0040484229207169 1.19553327560425 -0.169500508571712 0.985526165098128 0.0027848699984562 0.393868774175644 -0.0035178228159368 -0.0034307654669129 0.999987927312598 0.350434452295303
1655529838.37564 0.966351850819955 0.257035746271798 0.0098349151164721 1.20551180839539 -0.2570192988004 0.966401850730242 -0.0029228324129293 0.389703363180161 -0.0102557525808182 0.0002967215248737 0.999947364362414 0.348996341228485
1655529838.47475 0.936787207452566 0.349867017083019 0.004774757653847 1.21102726459503 -0.349884974262064 0.93678559120263 0.0036415519731359 0.385911464691162 -0.0031988652452145 -0.0050819752625313 0.999981970231751 0.347459524869919
1655529838.57514 0.898096389599548 0.439655370731829 -0.0112263072697496 1.21740889549255 -0.439589392973491 0.898163906198664 0.0079223220810586 0.382010608911514 0.0135661554411895 -0.0021800432602003 0.999905598963187 0.34530234336853
1655529838.67459 0.845122161085532 0.534368628168759 -0.0147885790784228 1.21939516067505 -0.534390466159936 0.84523321374849 0.0027647881953658 0.38087671995163 0.0139772142963638 0.00556629189295 0.999886820532742 0.341240435838699
1655529838.77555 0.784214831815367 0.620364885543533 -0.0124300581396535 1.22320735454559 -0.620314341044169 0.784312079904636 0.0080423634960672 0.385132521390915 0.0147382446625844 0.0014036025875734 0.999890401016052 0.340144425630569
1655529838.87492 0.711219363415181 0.702957867247084 -0.0041537908873426 1.2301150560379 -0.702966121924908 0.711182905011167 -0.0075833400116887 0.382844239473343 -0.0023766634511569 0.0083133925270364 0.999962618789088 0.336210340261459
1655529838.97414 0.622542973146764 0.782526032345314 -0.0096568777297908 1.24063813686371 -0.7825472729891 0.622587224801853 0.0022165402883137 0.390471607446671 0.0077467491833889 0.0061770717518505 0.999950914626144 0.333222627639771
1655529839.07518 0.525920100858811 0.850527366060823 0.0033536687817134 1.24609971046448 -0.850369017891656 0.525891666136148 -0.0176206951771402 0.398275256156921 -0.0167505499204578 0.0064152217565243 0.99983911906225 0.329520523548126
1655529839.17508 0.422450046084291 0.906364518597045 0.0062704060257134 1.2544914484024 -0.90622408610667 0.422495217141422 -0.0159905363497552 0.404792428016663 -0.0171424713361531 0.0010728098476967 0.999852481496906 0.327439546585083
1655529839.27445 0.321815760232646 0.946682126390994 0.0150853583885064 1.25883889198303 -0.946434203416199 0.322094056175718 -0.0227534081011745 0.412812173366547 -0.0263991490360804 -0.0069548938237108 0.999627287733819 0.327445983886719
1655529839.37543 0.253981551215192 0.967069903592187 0.0164064989721467 1.263148188591 -0.966852920107713 0.254311782615307 -0.0228242875510612 0.418771296739578 -0.026245047561648 -0.010065723482364 0.999604861277327 0.328722387552261
1655529839.47438 0.209530980313301 0.97764539821858 0.0174998180270923 1.27380180358887 -0.977671664775439 0.209761709378668 -0.0125754194268108 0.413297772407532 -0.0159650926764686 -0.014474136263464 0.999767780634712 0.329191535711288
1655529839.5743 0.181523383570371 0.983363294652684 0.006774359525723 1.27777147293091 -0.983285051853876 0.181599337574333 -0.0131220194056726 0.41398760676384 -0.0141339314376204 -0.0042791730957336 0.999890954384394 0.332645118236542
1655529839.67432 0.125826290794753 0.992050959966125 0.001623999730255 1.28196024894714 -0.992016955278818 0.125835456933771 -0.008233967307029 0.408925473690033 -0.0083728719193848 -0.0005749857030125 0.999964781583463 0.336623042821884
1655529839.77473 0.0501566104956538 0.99873567039578 -0.00337269961283 1.28574049472809 -0.998701980568092 0.0501243569523617 -0.0090500193083722 0.408370733261108 -0.0088695227017553 0.0038222400766228 0.999953359936272 0.340221375226974
1655529839.87458 -0.0063626111821008 0.99997391080838 -0.0034197779956603 1.28558909893036 -0.999876544300995 -0.0064110515095049 -0.0143455419989467 0.408190190792084 -0.0143670921082339 0.0033280806986416 0.999891249358258 0.340973496437073
1655529839.97447 -0.0390327169768119 0.999204532239414 -0.0081700524858572 1.28718423843384 -0.999194206956729 -0.0391061938713278 -0.0090356175777067 0.411422401666641 -0.0093479296916775 0.0078107844107796 0.999925801175951 0.342787802219391
1655529840.07373 -0.0552555693439889 0.99846435283615 0.0039696564033 1.28920578956604 -0.998457741974784 -0.0552329023459991 -0.0056092770526549 0.415255576372147 -0.0053814075377871 -0.0042734779660073 0.999976388640745 0.344976484775543
1655529840.17378 -0.0670184965397714 0.997693883034888 0.010744155449147 1.29045641422272 -0.997751035151639 -0.0670018259515716 -0.0019045138456083 0.419183224439621 -0.0011802437805183 -0.0108476298757884 0.999940466203212 0.342810094356537
1655529840.27411 -0.0711885537475785 0.997346068005592 0.0152646797906985 1.29140961170197 -0.997459723418801 -0.071141513633132 -0.0036034976447495 0.421798944473267 -0.002507981781623 -0.0154824310678692 0.999876994612643 0.34353843331337
1655529840.37391 -0.0677004081823129 0.997647891282832 0.0107396345779281 1.29058229923248 -0.997696070454339 -0.0676485502842226 -0.0051210003332948 0.425851821899414 -0.0043824344739911 -0.0110615850293802 0.999929215297122 0.341976910829544
1655529840.47562 -0.0630587796308573 0.997924932426234 0.0130161266728137 1.29291129112244 -0.997996083007885 -0.0629841331401 -0.0060677239150327 0.428083628416061 -0.0052353235225612 -0.0133726667006215 0.999896876269212 0.341500818729401
1655529840.57405 -0.0600385384094821 0.998127488481047 0.0117000275286222 1.29490578174591 -0.998196059843993 -0.0600343648099121 -0.0007079221689492 0.423389822244644 -4.19285559408493e-06 -0.0117214239914683 0.999931301741291 0.340602487325668
1655529840.67409 -0.0598174076871739 0.994862357514322 0.0816747656172491 1.29388916492462 -0.998207778696379 -0.0594722355564147 -0.0066546035165239 0.422978073358536 -0.0017630336429681 -0.081926447493886 0.99663681896336 0.339330911636353
1655529840.77397 -0.0628122516864243 0.99416237032086 0.0877257230012463 1.29904770851135 -0.997968624255674 -0.0635028211858868 0.0051006570822402 0.417600303888321 0.0106417122362246 -0.0872271353389723 0.996131608182994 0.338825047016144
1655529840.87383 -0.0673417668305625 0.99470409509454 0.0776456672473799 1.29776191711426 -0.997721384434594 -0.0674597426202959 -0.0011055168571731 0.403639256954193 0.0041382945830632 -0.0775431900798267 0.99698040511847 0.33561298251152
1655529840.97376 -0.0775466228082088 0.995614331873377 0.0523318589328754 1.29726195335388 -0.996977130453432 -0.0776919859248183 0.0007461071623921 0.381298780441284 0.0048086010316235 -0.0521158084594954 0.998629470757163 0.332113832235336
1655529841.07355 -0.0768184261836907 0.996403239123828 0.035770301399396 1.29637539386749 -0.997024554388022 -0.0769977010599354 0.0036595052740238 0.352766364812851 0.0064005738826025 -0.0353827513772966 0.999353337693404 0.330300778150558
1655529841.17398 -0.0645430035329832 0.997846618154217 0.0116759296475126 1.29470312595367 -0.997908133747667 -0.0645813170596687 0.0029342949899154 0.321306973695755 0.0036820232468863 -0.0114621169524174 0.999927528663842 0.329075127840042
1655529841.27367 -0.0469533630467619 0.998887036742104 -0.0044799025858098 1.29241120815277 -0.998893018549334 -0.0469399064795567 0.0030631149325337 0.290323048830032 0.0028494195897436 0.0046187669642277 0.999985273791435 0.329438209533691
1655529841.37357 -0.0313641893088638 0.999447292157692 -0.0110180682360609 1.2909551858902 -0.999487851641974 -0.0312916174446881 0.0066984399532871 0.258938491344452 0.0063499644967714 0.0112225164892741 0.999916863081395 0.330360472202301
1655529841.47415 -0.0175154096287338 0.999825446192165 -0.0065028895251573 1.2901771068573 -0.999779521841921 -0.0174385315536658 0.01169638075606 0.231458187103271 0.0115809382640867 0.0067063226801687 0.999910449542874 0.32861852645874
1655529841.57411 -0.0055228982577693 0.999972021547392 -0.0050451677134045 1.28993022441864 -0.999909753282926 -0.0054606249808486 0.0122746431514899 0.203274950385094 0.0122467499571199 0.0051125040088573 0.999911935831475 0.326848447322845
1655529841.67388 -9.41427396249695e-05 0.999999944899364 -0.0003183369503813 1.29011762142181 -0.999947248243 -9.08681546015055e-05 0.0102709529368674 0.17663186788559 0.0102709234442401 0.0003192870931959 0.999947201699847 0.325230479240417
1655529841.77328 -0.0021261210846417 0.999992109955183 0.0033555381854444 1.29273545742035 -0.99996938387409 -0.0021513183769843 0.0075235060785636 0.151674017310143 0.0075306655487265 -0.0033394395669607 0.999966068034197 0.323374390602112
1655529841.87245 -0.0037908337507065 0.999983892374826 0.0042242834146636 1.2960729598999 -0.999984712695986 -0.0038077739454567 0.004009392959755 0.124094426631927 0.0040254134942806 -0.0042090198946071 0.999983039955042 0.323760747909546
1655529841.97293 -0.0087265829441861 0.999952100982881 0.0044319848872648 1.30078148841858 -0.999951736569774 -0.0087064032487994 -0.0045522602696207 0.0993524566292763 -0.004513455573207 -0.0044714966612978 0.999979817014522 0.323657333850861
1655529842.07391 -0.019849928678265 0.999697145746722 0.0145463781514491 1.30526304244995 -0.999712339254991 -0.0196501313647925 -0.0137517663832975 0.0709227472543716 -0.0134617633608003 -0.0148151653113815 0.999799625827102 0.322237104177475
1655529842.17369 -0.0323374446355641 0.999338787252677 0.0166216114378244 1.30794632434845 -0.999241341041665 -0.0319642277987622 -0.0222492807632861 0.0454212389886379 -0.0217032722808455 -0.017328486188269 0.999614271376078 0.320265352725983
1655529842.27384 -0.0393029558074213 0.99914680241495 0.0126864056682997 1.31024646759033 -0.999068358399435 -0.0390670635990778 -0.0183352062110947 0.0155608430504799 -0.0178239420403469 -0.0133952142844521 0.999751406762909 0.320611655712128
1655529842.37418 -0.0420430041874299 0.999114815065917 0.0014043200114009 1.31018710136414 -0.999065027495587 -0.0420266559008302 -0.0101405635462547 -0.0134452432394028 -0.0100725683982866 -0.0018293467664409 0.999947597055101 0.322669863700867
1655529842.47264 -0.0411084354009585 0.999145368805776 0.0043160784115282 1.31043410301208 -0.999149840694723 -0.0410943924873236 -0.0032934398139677 -0.0440152809023857 -0.0031132585173169 -0.0044477972151438 0.999985262252068 0.323650449514389
1655529842.57349 -0.0391574515508442 0.999225116930477 -0.0039824217905737 1.30913019180298 -0.999232481376679 -0.0391528555581335 0.0012255869809382 -0.0745201632380486 0.0010687141091986 0.004027356070511 0.999991319088938 0.323999017477036
1655529842.67309 -0.038586138984636 0.999248156901021 -0.0037723743411768 1.30818617343903 -0.999253154699824 -0.0385780001880053 0.0022069716679305 -0.104870460927486 0.0020597817134691 0.0038547154766435 0.999990449188334 0.324104785919189
1655529842.77293 -0.0404180292722205 0.99917609374415 -0.0036764928846045 1.30922842025757 -0.999165728453135 -0.0403955177449754 0.0060041011676569 -0.136523753404617 0.0058506405175848 0.0039160996279463 0.999975216777515 0.320887595415115
1655529842.87327 -0.0438588207031705 0.999031169833557 -0.0036229197509495 1.30947279930115 -0.999031923321151 -0.0438459033297837 0.0035711267741187 -0.166885927319527 0.0034088167696001 0.0037760378957237 0.999987060669308 0.319016814231873
1655529842.98324 -0.0467480234289158 0.99890582509874 -0.0013322497122902 1.3086189031601 -0.998884414236263 -0.0467558498755138 -0.0066194787026934 -0.197337225079536 -0.006674526302782 0.0010213159279967 0.999977203546365 0.31768873333931
1655529843.07292 -0.0477577364408131 0.998853327635111 0.0033508927639645 1.31025338172913 -0.998826345893642 -0.0477288044662148 -0.0082396585476285 -0.222391232848167 -0.0080702762533573 -0.0037404674161921 0.999960438989815 0.317040622234344
1655529843.17306 -0.0505916365742866 0.998719418770302 -9.42329332944256e-05 1.30987548828125 -0.998648057304164 -0.0505891491520483 -0.0119497125777721 -0.257835417985916 -0.0119391771640622 -0.0005104499801332 0.999928595195408 0.314409911632538
1655529843.27234 -0.0478029070910105 0.998850096169565 0.0036561531284835 1.30791807174683 -0.998811576703625 -0.0477655973920248 -0.0096892697661992 -0.289570659399033 -0.0095034896994422 -0.0041149833333438 0.999946373859968 0.314816355705261
1655529843.37255 -0.0499856895747914 0.998748997848929 0.0013675282422112 1.30483305454254 -0.998746699312813 -0.0499819959437134 -0.0026135594969856 -0.324295431375504 -0.0025419381373778 -0.0014964548918271 0.999995649577168 0.31286558508873
1655529843.47258 -0.0538511970926926 0.998530029041359 -0.0061505832525006 1.30080795288086 -0.998524883194517 -0.0538916601682998 -0.0066141216862947 -0.361551105976105 -0.0069358642619795 0.0057853320532576 0.999959211028116 0.315115869045258
1655529843.57258 -0.0399453041040133 0.999175106392252 -0.0073129642464543 1.29650855064392 -0.999201716219855 -0.0399401964198303 0.0008432160113149 -0.395653426647186 0.0005504392194026 0.007340808945709 0.999972904403258 0.318049907684326
1655529843.67231 -0.0159565968016942 0.999798352103518 -0.0121918886804669 1.29648160934448 -0.999730974729842 -0.0157478653351782 0.017028884376394 -0.430223613977432 0.0168334543165586 0.0124603317962977 0.999780663419381 0.31800976395607
1655529843.77193 0.0004629786238967 0.999974157799046 -0.0071742166737821 1.29078102111816 -0.99989981702044 0.0005644150475744 0.0141434563719569 -0.460679531097412 0.0141471401097604 0.0071669498214115 0.999874238720536 0.318639308214188
1655529843.87274 0.0082937951383724 0.999934418081276 -0.0078976261409429 1.29091477394104 -0.999843664156619 0.0084158631052364 0.015550578576395 -0.490456789731979 0.0156160240800732 0.0077674181459037 0.999847891935207 0.318216472864151
1655529843.97253 0.0058582512899305 0.999982190083375 0.0011403542784586 1.29110181331635 -0.999980821040164 0.0058605273720693 -0.002002940528502 -0.519247949123383 -0.002009587933761 -0.001128598678715 0.999997343907152 0.314556032419205
1655529844.07221 -0.0044823687653455 0.999964117212919 0.0071883695536066 1.29173135757446 -0.999979194702726 -0.004448858596404 -0.004670954814197 -0.547157168388367 -0.0046388071676373 -0.0072091569394046 0.999963254087011 0.316183835268021
1655529844.17193 -0.0126655640012383 0.999912564966508 0.0038007776348266 1.29223299026489 -0.999895006518513 -0.0126383974212668 -0.0070885012495792 -0.576314330101013 -0.0070398457279762 -0.0038901584441998 0.999967653096542 0.315481930971146
1655529844.27127 -0.015775378093871 0.999875486089089 0.0003869936746251 1.29281508922577 -0.999875505767137 -0.0157752474172033 -0.0003384314366547 -0.60549521446228 -0.0003322843762669 -0.0003922843800165 0.999999867850021 0.311819195747375
1655529844.3726 -0.0148337530867692 0.999887091253697 0.0024009401453502 1.29141676425934 -0.999880922221142 -0.0148233588843708 -0.0042906187879425 -0.63639360666275 -0.0042545443421199 -0.0024643002264203 0.999987912965369 0.308528959751129
1655529844.47241 -0.0069330014971011 0.999963939387181 0.0049044281534293 1.29246509075165 -0.999968990831224 -0.0069511890895002 0.003701127696522 -0.666310608386993 0.0037350858390595 -0.004878616147328 0.999981123940978 0.307396948337555
1655529844.57193 -0.0067205030393385 0.999967516257278 0.0044498616999463 1.29274654388428 -0.999972356795222 -0.0067345593448703 0.0031514053752782 -0.695613265037537 0.0031812708635315 -0.0044285596621053 0.999985133577001 0.311128467321396
1655529844.6723 -0.0147999617956681 0.999889419518456 -0.0014525377420968 1.29490101337433 -0.999882988961469 -0.0147942142140924 0.0038909653386815 -0.726032555103302 0.00386904591935 0.0015099539175079 0.999991375224227 0.313146859407425
1655529844.77175 -0.0201646951887072 0.999793717144098 0.0024306844990516 1.29686892032623 -0.999760786469749 -0.0201433135497786 -0.0085215466098215 -0.755801796913147 -0.0084708267208452 -0.0026019374363551 0.999960736737319 0.312499672174454
1655529844.87114 -0.0232196483608975 0.999720464959194 -0.0044541970959818 1.29778707027435 -0.999714989346276 -0.0232437885722399 -0.0054466842376222 -0.785928845405579 -0.0055486941140797 0.0043264575096252 0.999975246573157 0.314854383468628
1655529844.97265 -0.0257539091759495 0.999657758151274 -0.0045937707959628 1.30044984817505 -0.999668313043699 -0.025753602088947 0.0001259992435635 -0.815668702125549 7.64997618244921e-06 0.0045954920751845 0.999989440641282 0.314484238624573
1655529845.07168 -0.0259766125721494 0.999662511875274 0.0002791961562991 1.29919850826263 -0.999662124583506 -0.0259763425579311 -0.0009307526540405 -0.84716659784317 -0.0009231860410758 -0.0003032796238761 0.99999952787439 0.313980430364609
1655529845.17173 -0.0273923756752582 0.999624665977771 -0.0004300275519458 1.3010528087616 -0.999618480372816 -0.0273937257507939 -0.0035323486001071 -0.876691281795502 -0.0035428028463224 0.0003331040681244 0.999993668774794 0.31568917632103
1655529845.2725 -0.0277533815238793 0.999610578659972 -0.002905313247341 1.30360436439514 -0.999613194515876 -0.027758429961097 -0.0017119917812967 -0.907993197441101 -0.0017919720294545 0.0028566758951718 0.999994314103373 0.314109206199646
1655529845.39022 -0.0250300275315563 0.999686414041608 -0.0007558454869526 1.30487251281738 -0.999678478327489 -0.0250328809068807 -0.0040366870498915 -0.939109921455383 -0.0040543421915732 0.0006545640782524 0.999991566892072 0.311608076095581
1655529845.47127 -0.0242189453844158 0.999706541514091 -0.0005230089890094 1.30500209331512 -0.999690530185392 -0.0242215244109936 -0.0056711209523819 -0.971209049224854 -0.0056821247888082 0.0003854985649004 0.999983782292863 0.309337556362152
1655529845.57177 -0.0223184195061985 0.999747337382193 -0.0026738638635129 1.30813097953796 -0.999750184844118 -0.0223215515084452 -0.0011472760819706 -0.994832217693329 -0.0012066709981484 0.0026475905029082 0.999995767095857 0.307884335517883
1655529845.67126 -0.0220072547408649 0.999745824057879 0.0048957142077049 1.30777907371521 -0.999735099419533 -0.021973483606143 -0.0068481389316137 -1.02307140827179 -0.0067388224035657 -0.0050451260681383 0.999964566860031 0.304947584867477
1655529845.77154 -0.0217335188702082 0.999762608009515 0.0015433027995106 1.30664992332458 -0.999763555314062 -0.0217345658723961 0.000664915126819 -1.05521440505981 0.0006983002976505 -0.0015284869483091 0.999998588051175 0.304276198148727
1655529845.872 -0.0221079569161969 0.999728265669016 0.0073914182274798 1.3038227558136 -0.999727923419509 -0.022051739894584 -0.0076026247401114 -1.0862762928009 -0.0074375652137594 -0.0075574856958878 0.999943781936588 0.304767042398453
1655529845.97196 -0.025221983985196 0.999681716907449 0.0005624987337477 1.30438125133514 -0.999678629694032 -0.0252204643310166 -0.0025623255045464 -1.12057161331177 -0.00254732348041 -0.0006269448961981 0.999996559035672 0.30357950925827
1655529846.07047 -0.0253882390760866 0.999677270689074 -0.0008898226000886 1.30254304409027 -0.999676832533792 -0.0253893577253372 -0.0012692554904616 -1.15104496479034 -0.0012914378888175 0.000857310876533 0.999998798602398 0.30522283911705
1655529846.17053 -0.0247255304153781 0.999686219828268 0.0040137303279073 1.30169868469238 -0.999693205904474 -0.0247311828401234 0.0013647944030315 -1.18406271934509 0.0014636304562197 -0.0039787536736188 0.999991013612168 0.30667319893837
1655529846.2711 -0.0239031804377763 0.999713910037119 0.0008579296327494 1.2999906539917 -0.999709665922792 -0.0239056681608566 0.0030170996540792 -1.21390819549561 0.003036745873257 -0.0007855622691109 0.999995080521111 0.309212416410446
1655529846.37116 -0.0218513025474376 0.999758526637131 -0.0023257242598299 1.29835772514343 -0.999760524172839 -0.0218539957000352 -0.0011389370449698 -1.24909198284149 -0.0011894883899852 0.0023002800471369 0.999996646908916 0.3098104596138
1655529846.47107 -0.0159340544775769 0.999837783073914 -0.0083972284562995 1.29853141307831 -0.999825997754558 -0.0158512732971234 0.0098341928475594 -1.28126513957977 0.0096994908118259 0.0085524658842686 0.999916384106836 0.311466008424759
1655529846.57073 -0.0125810338438178 0.999915051751522 -0.0034068854062424 1.29837715625763 -0.999917554879541 -0.0125721647720929 0.0026123010286278 -1.30994629859924 0.002569247193544 0.0034394699728161 0.999990784465119 0.310131102800369
1655529846.67167 -0.0100187359523001 0.999945657620841 -0.0028821407219859 1.29793524742126 -0.999949808010118 -0.0100184638822931 0.0001088208059851 -1.34244215488434 7.9940269676732e-05 0.0028830863085293 0.999995840702796 0.311812072992325
1655529846.77112 -0.012272307646486 0.999922286203116 0.0021936315470272 1.29929232597351 -0.999912670752033 -0.0122613731442389 -0.0049304764632029 -1.37411856651306 -0.0049031963622174 -0.0022539483028341 0.999985439085231 0.309892654418945
1655529846.87057 -0.014431290785536 0.999895076501678 -0.0012545253948991 1.30034112930298 -0.999872544855559 -0.014439511504673 -0.0068113546064551 -1.40816175937653 -0.006828754669174 0.0011560688602145 0.999976015519602 0.305952280759811
1655529846.97019 -0.0147276791125377 0.999891449965336 -0.0004286655753395 1.2987447977066 -0.999872232395503 -0.0147300576697822 -0.006208404422927 -1.44120407104492 -0.0062140447690575 0.0003371754176241 0.999980635792687 0.304125934839249
1655529847.07126 -0.0161131539428845 0.999869903359053 0.0007366320463982 1.29869592189789 -0.99985750038131 -0.0161092358554151 -0.0050469249443029 -1.47377264499664 -0.0050344017769465 -0.0008178489551782 0.999986992876325 0.302376061677933
1655529847.17062 -0.0171074332740219 0.99985294629337 -0.0011922731407551 1.29643654823303 -0.999846250800429 -0.0171027046546624 0.0038693996719782 -1.50431025028229 0.00384843956702 0.0012582853264129 0.999991803081873 0.300330132246017
1655529847.30332 -0.0199866211449849 0.99978005853916 -0.0063537014913345 1.29557538032532 -0.999798525790688 -0.0199743892661053 0.0019828263193284 -1.5365777015686 0.0018554789067426 0.006392051382791 0.999977849193244 0.299738943576813
1655529847.37055 -0.0208495542530814 0.999653878269667 -0.016044305776883 1.29475164413452 -0.999776274509384 -0.0207895416329146 0.0038981901993753 -1.57211291790009 0.0035632871881186 0.0161219917847522 0.999863682891477 0.300464183092117
1655529847.46975 -0.0234607216615209 0.999720177731941 -0.003026677177515 1.29240238666534 -0.999724567305783 -0.0234624863886825 -0.0005488694974934 -1.60592186450958 -0.0006197292836661 0.0030129666571563 0.999995268972578 0.301097840070724
1655529847.57056 -0.031199781816516 0.999502117645703 -0.0047000464207001 1.29351305961609 -0.999496718597849 -0.0312259015174991 -0.005590401287152 -1.63847672939301 -0.0057343811116582 0.0045232616743214 0.999973328132852 0.300525307655334
1655529847.66963 -0.0331120587188329 0.999450836659159 -0.0012714828775628 1.29047667980194 -0.999391772671808 -0.0331239731920192 -0.0109035368516211 -1.67323458194733 -0.0109396655936472 0.0009096709744555 0.999939746292454 0.301930516958237
1655529847.77019 -0.0332732576442976 0.999434484963827 -0.0048580439299807 1.28549814224243 -0.999445115134742 -0.0332802843160225 -0.0013727742517023 -1.70737147331238 -0.0015336750104311 0.0048096716035649 0.999987257368827 0.30110490322113
1655529847.87008 -0.0316389569144907 0.999479114710311 -0.0063620486681639 1.28310227394104 -0.999496086522892 -0.0316219142742327 0.0027618043119319 -1.7384021282196 0.0025591855710996 0.0064462233537294 0.999975948097596 0.302156120538712
1655529847.97005 -0.0288075342956997 0.999584241317283 -0.0012126326544729 1.27963924407959 -0.999581887504903 -0.0288044079456656 0.0025211614455499 -1.77033174037933 0.0024851840851207 0.0012847540824158 0.999996086625848 0.306351482868195
1655529848.0698 -0.0301001487723915 0.999531072031869 -0.0056229073176396 1.2768532037735 -0.999507861665543 -0.0300487871401263 0.0090058236814648 -1.80526292324066 0.008832639053768 0.0058912167020275 0.999943637438189 0.308229893445969
1655529848.16947 -0.0280473179909324 0.999599024450533 -0.0038907931143377 1.27547383308411 -0.999567016439166 -0.0280113576930756 0.0090079679781439 -1.8376989364624 0.0088953696055989 0.0041417578072158 0.999951857962095 0.311440467834473
1655529848.26933 -0.0276712938253524 0.999604637319479 -0.0049868374171274 1.27497231960297 -0.999601178358529 -0.0276423735398322 0.0057778377724631 -1.8695285320282 0.0056377054083671 0.00514472880512 0.999970873597452 0.311330646276474
1655529848.36921 -0.0295846097383933 0.999558081468485 -0.0028970049479127 1.27347147464752 -0.999544248010176 -0.0296013604354062 -0.0059207879666589 -1.90252065658569 -0.0060039267483816 0.0027205204308057 0.999978275580118 0.310883492231369
1655529848.47021 -0.0326480033310106 0.999458415220218 -0.0041211799266918 1.27421426773071 -0.999445768645488 -0.0326738556492218 -0.0063698268141808 -1.9389111995697 -0.0065010318509576 0.0039109337125115 0.999971220177046 0.310505419969559
1655529848.56993 -0.0278837525133758 0.999604336884541 -0.0036967590386734 1.27143168449402 -0.999595717103452 -0.0279036957267683 -0.0054576655470755 -1.97171092033386 -0.0055586593895124 0.003543084306806 0.999978273693677 0.309390544891357
1655529848.669 -0.0206999772506735 0.999755447780243 -0.0077817463045234 1.26864182949066 -0.999785729732704 -0.0206987694240085 0.0002357269105836 -2.00307655334473 7.45966905709709e-05 0.0077849584493492 0.99996969396941 0.30500328540802
1655529848.77029 -0.0165646776685744 0.999841136341236 -0.0065813018165936 1.26520478725433 -0.999862172514078 -0.0165569559285419 0.0012260447820229 -2.039306640625 0.0011168836839332 0.0066007037689316 0.999977591389223 0.303834646940231
1655529848.86986 -0.0151339822351298 0.99983809325474 -0.009733953895101 1.26297354698181 -0.999872470262325 -0.0150834177379452 0.0052472584135837 -2.07025456428528 0.0050995875542108 0.0098121244421285 0.999938856341081 0.306216984987259
1655529848.96918 -0.0106914871208814 0.999933303265862 -0.0043681944743151 1.26178884506226 -0.999894696986991 -0.0106480020859489 0.0098597661671283 -2.10560464859009 0.0098125960090512 0.0044731500532663 0.999941850253386 0.308173656463623
1655529849.06954 -0.0075118490952216 0.999963965614442 -0.0039546928843815 1.25938582420349 -0.999966164056133 -0.0074984871358989 0.0033828144399783 -2.13790464401245 0.0033530383286185 0.0039799702652053 0.99998645839364 0.307306230068207
1655529849.16879 -0.0069186204920377 0.999963973507287 -0.0049177614831385 1.25890505313873 -0.999967250231018 -0.0068978254238684 0.0042330213604776 -2.1715829372406 0.0041989469993775 0.0049468870959138 0.999978948354492 0.30439418554306
1655529849.27011 -0.009648156697481 0.999947244638267 -0.0035243457093226 1.25933086872101 -0.999928356334406 -0.0096228827739528 0.0071191520205995 -2.20402097702026 0.0070848620815437 0.0035927799065251 0.999968447833145 0.301272660493851
1655529849.36924 -0.0136597930764332 0.999882268637118 -0.0069899154643469 1.26018261909485 -0.999897211027559 -0.0136897855910625 -0.0042611207188524 -2.2352831363678 -0.0043563094953093 0.0069309909508257 0.999966491404597 0.30210617184639
1655529849.46979 -0.0111347036052418 0.999937187079488 -0.0012807307229257 1.26107132434845 -0.999928030609612 -0.011140304808919 -0.0044527755329379 -2.26964902877808 -0.0044667635717338 0.0012310582137363 0.999989266201827 0.303626239299774
1655529849.56905 -0.0056001678060119 0.999978744156262 -0.0033390651699723 1.26021099090576 -0.999984011473878 -0.0055975163986629 0.000802874073185 -2.30232262611389 0.0007841665353741 0.0033435080127786 0.999994103001119 0.30045685172081
1655529849.66922 -0.0023650914754565 0.999971968535502 -0.0071041175064978 1.26290762424469 -0.999993110126181 -0.0023446962232645 0.00287786375442 -2.33268475532532 0.0028611260861972 0.0071108749710577 0.999970624275866 0.296875923871994
1655529849.76919 -0.0032370496769098 0.999989516850705 -0.003238471565784 1.2622230052948 -0.999984090257229 -0.0032519587744091 -0.0046091210172797 -2.36846232414246 -0.0046196040752 0.0032235000888346 0.999984134026818 0.29678013920784
1655529849.86841 -0.0051382765509031 0.999986050471395 -0.0012235099949808 1.26399898529053 -0.999986650772234 -0.0051376058244038 0.0005507120150277 -2.40251278877258 0.0005444184207783 0.0012263233727003 0.999999099869379 0.297065317630768
