0 0 0 0 0 0 0 0 0 0 0 0 0
1655375874.99285 0.996587470714582 0.059526943829166 0.0571835306104019 0.00543188722804189 -0.0622079081553461 0.996988424531873 0.0463061282379485 0.288156181573868 -0.0542548557978682 -0.0497053750394525 0.997289218990429 0.0416669249534607
1655375875.07696 0.996108200809581 0.0845842023055094 0.0247783171390018 0.0158339291810989 -0.0844459039536048 0.996406355775732 -0.0065774976384273 0.318263500928879 -0.0252456250736409 0.004459471949191 0.999671331750879 0.101452589035034
1655375875.17729 0.99590320774905 0.0880552856499437 -0.0205686038480685 0.0264996793121099 -0.089508859718896 0.992273011053879 -0.0859211008186715 0.337646543979645 0.0128438633975516 0.0874101721950948 0.996089602882115 0.173919484019279
1655375875.27736 0.995845986385188 0.0823603805213645 -0.0388270411039485 0.0393824949860573 -0.0854606416864442 0.992585456713148 -0.0864325739758635 0.347933232784271 0.0314205366448898 0.0893917157343339 0.995500814180993 0.240663453936577
1655375875.38682 0.996620964821709 0.0698064733188009 -0.0432863576734908 0.0525601767003536 -0.0726965670244148 0.994947786536436 -0.0692395205725053 0.35137802362442 0.038234299009013 0.0721523273986165 0.996660513931525 0.314344763755798
1655375875.4776 0.998090136420335 0.051943620875206 -0.0334356072295636 0.0620397105813026 -0.0533293398083853 0.997694154058732 -0.041980429638508 0.347574144601822 0.0311778943490185 0.0436833516045278 0.998558813338782 0.385527580976486
1655375875.57682 0.999025604834496 0.0389250090871019 -0.0208010709493067 0.0823102071881294 -0.0395424959505734 0.998762983757751 -0.0301478571263961 0.341245263814926 0.0196018340740846 0.0309410074639424 0.999328985949096 0.448275744915009
1655375875.67981 0.999361658684208 0.02234713857465 -0.0278725770152944 0.0877115428447723 -0.0222581914246654 0.999746138225809 0.0034974300684746 0.33292144536972 0.0279436587878374 -0.0028748043596576 0.999605365848665 0.504232287406921
1655375875.78051 0.999671045741131 0.0124957288342294 -0.02239770228695 0.0923973992466927 -0.0121996260927262 0.999837013546693 0.0133084734371414 0.322227507829666 0.0225603508401601 -0.0130308519648882 0.999660556122446 0.552247941493988
1655375875.87937 0.999860001985948 0.0043358426895872 -0.0161609683135377 0.097246065735817 -0.0039474233179437 0.999704421827577 0.0239893065247677 0.319533467292786 0.0162602053433827 -0.0239221538863344 0.999581580600418 0.586306512355804
1655375875.97842 0.999944110276411 0.0014108815984447 -0.0104778688974325 0.103635855019093 -0.0011883942620211 0.999774336808947 0.0212099782486384 0.307114809751511 0.0105054291961161 -0.0211963409895408 0.999720136381208 0.611479163169861
1655375876.07773 0.999968672237638 -0.0029782955153454 -0.0073337779566882 0.117476873099804 0.0031254880178408 0.999792253994464 0.0201415038495136 0.319135338068008 0.0072722670430248 -0.0201637944963965 0.999770241367266 0.633981943130493
1655375876.17822 0.999948016934044 -0.0023970230067392 -0.0099104848709999 0.122873820364475 0.0024543230948161 0.999980320434638 0.0057736506289381 0.317568391561508 0.0098964502635747 -0.0057976740287763 0.99993422146061 0.651089727878571
1655375876.28426 0.999951764904832 -0.0021695359101877 -0.0095791950416085 0.129211500287056 0.0021490438086899 0.99999538168273 -0.0021490053324708 0.316143304109573 0.0095838131460866 0.0021283155651977 0.999951809238043 0.660286247730255
1655375876.37807 0.999952905723861 3.81692135645765e-05 -0.0097048893614365 0.13576266169548 -8.98324012643747e-05 0.999985828496143 -0.0053230383262604 0.31530025601387 0.0097045486523728 0.0053236594551389 0.999938738316233 0.665266275405884
1655375876.478 0.999971273824461 0.0031709178795343 -0.0068845338030711 0.143001273274422 -0.0032054467723114 0.99998231133933 -0.0050102015368772 0.315450251102448 0.0068685250872554 0.0050321256196063 0.999963749880402 0.671343684196472
1655375876.5776 0.999951267804405 0.0057591809571403 -0.0080183446587345 0.150371059775352 -0.0057758534649153 0.999981202530408 -0.0020576935122351 0.317157357931137 0.0080063433048533 0.0021039060200924 0.999965735436142 0.676575839519501
1655375876.67917 0.997402876777704 0.0092273065574118 0.0714307931445165 0.156951099634171 -0.0088299633529646 0.999943748191953 -0.005876410385038 0.316658467054367 -0.0714809984733318 0.005230417337424 0.997428247841283 0.682231545448303
1655375876.7775 0.996843106858726 0.0091085156143027 0.0788723985405978 0.16547229886055 -0.0091098335905678 0.999958445738671 -0.0003431149271186 0.321295320987701 -0.0788722463240083 -0.0003764826756352 0.996884660841263 0.687855005264282
1655375876.87997 0.996939619562667 0.0086733524635569 0.0776927789648882 0.185274422168732 -0.008464234370581 0.999959615820721 -0.0030205072745032 0.323182255029678 -0.0777158393299843 0.0023536534830689 0.996972772262371 0.691788256168365
1655375876.97698 0.998693198645478 0.0050154330237968 0.0508600079713728 0.216565623879433 -0.0049546501433009 0.999986852968199 -0.0013211104094735 0.321255385875702 -0.0508659652540063 0.0010673904348173 0.998704918510186 0.698224127292633
1655375877.07731 0.999795149522431 -4.12071770179912e-05 0.0202399924256013 0.252664089202881 7.80909807176477e-05 0.999998337952785 -0.0018215360182942 0.320681422948837 -0.0202398837254211 0.0018227434366292 0.999793491033596 0.702906668186188
1655375877.17752 0.999994588428728 -0.0032873610905641 -0.0001279465466619 0.293760538101196 0.0032872142731898 0.999993957211842 -0.0011312657176929 0.318394869565964 0.0001316646524115 0.0011308390080535 0.999999351933569 0.707239806652069
1655375877.27738 0.999894894342353 -0.0056011451698452 -0.0133726377682611 0.329843580722809 0.0055927014123826 0.999984137117351 -0.0006687335639379 0.318421423435211 0.013376171313449 0.000593874106123 0.999910358659485 0.712714910507202
1655375877.37756 0.999804019311649 -0.0078000112345191 -0.0181956806141685 0.369531244039536 0.0078128093830232 0.999969279579839 0.0006323813112374 0.312676161527634 0.0181901890538827 -0.0007744167609456 0.999834244913058 0.715947449207306
1655375877.47949 0.999785382914875 -0.0089446496420812 -0.0186863948512561 0.406827002763748 0.0089924887686353 0.99995649725778 0.002477647613825 0.312355875968933 0.0186634202519957 -0.0026451530641423 0.999822324170532 0.714371263980865
1655375877.57732 0.999884459844223 -0.0091547952099163 -0.0121349366167119 0.442422360181808 0.0091909637985784 0.999953475057166 0.0029281232130975 0.313682585954666 0.0121075656711142 -0.0030393166604276 0.999922081668246 0.717854976654053
1655375877.67772 0.999906597221563 -0.0108023441930783 -0.0083729440897192 0.474187225103378 0.0108209235731255 0.999939082591457 0.0021768599359288 0.313271313905716 0.0083489188413754 -0.0022672595992394 0.999962576843799 0.720773994922638
1655375877.78001 0.999923121927602 -0.0123273786952229 -0.0013364015351217 0.495561182498932 0.0123297692564722 0.999922373342169 0.0017955722891388 0.313330203294754 0.0013141630951542 -0.0018119117715644 0.999997494972408 0.722360968589783
1655375877.87895 0.99992680991821 -0.011755311093709 0.0028613751731177 0.514227867126465 0.011751429680254 0.999930011681462 0.0013695397702227 0.314026355743408 -0.0028772742763348 -0.0013358142843591 0.99999496843381 0.721985816955566
1655375877.97723 0.99987872835417 -0.0120765757643871 0.0098328481456861 0.544925272464752 0.0120571579283218 0.999925245804731 0.0020316852708801 0.316198796033859 -0.0098566489001389 -0.0019128826820858 0.999949592405689 0.721974492073059
1655375878.07687 0.999887035189332 -0.0123135020060089 0.0086194273960371 0.574369668960571 0.0123047926598498 0.999923728425141 0.0010627370150346 0.314137309789658 -0.0086318559931017 -0.000956556696194 0.999962287319578 0.724930644035339
1655375878.17996 0.999895395819639 -0.0135340634431083 0.0051016218407576 0.590770840644836 0.0135359463238367 0.999908328855896 -0.0003347263461168 0.316100239753723 -0.0050966239616422 0.0004037466117427 0.999986930621029 0.726309776306152
1655375878.27897 0.999897825782443 -0.0136772604005254 0.0041557843398394 0.626801133155823 0.0136851520254996 0.999904593161207 -0.0018764831892738 0.317041456699371 -0.0041297227003759 0.0019331640015481 0.999989604079643 0.724187910556793
1655375878.38334 0.999907145044864 -0.01345389187028 0.0021665829712262 0.652861773967743 0.0134557760077665 0.999909099330728 -0.0008574191752257 0.321693509817123 -0.0021548504025131 0.0008864926147697 0.999997285371609 0.724491655826569
1655375878.47751 0.999917259870975 -0.012722173263475 0.0019025560635148 0.682324171066284 0.0127258725622492 0.999917130973019 -0.001945084629496 0.322883725166321 -0.0018776526968764 0.0019691353789496 0.999996298456254 0.722092866897583
1655375878.57865 0.999923961860062 -0.0123101895528571 0.0007278263872375 0.706370830535889 0.0123108508339412 0.999923803448379 -0.0009111800437854 0.321210473775864 -0.0007165541303208 0.0009200709214361 0.999999320009608 0.723086535930634
1655375878.67557 0.999883135007145 -0.0146263933600127 0.0044480271538122 0.729500889778137 0.01463687830424 0.999890151400751 -0.0023338648827042 0.322993397712708 -0.0044134025184364 0.0023986973677457 0.999987383984992 0.722593665122986
1655375878.77573 0.999837458420385 -0.0177042101084384 0.0034084723705606 0.747154533863068 0.0177101647586372 0.999841674981445 -0.0017248288378031 0.324894547462463 -0.0033773959919637 0.0017849130886571 0.999992703614171 0.722404301166534
1655375878.87563 0.999795312836602 -0.0186027779960866 0.0079541863688377 0.777859926223755 0.0186218890171552 0.999823870168058 -0.0023353568459879 0.325084179639816 -0.0079093412743818 0.0024830008042019 0.99996563792343 0.725615322589874
1655375878.97539 0.999822015428748 -0.0180478389858749 0.0054966327815484 0.806535959243774 0.0180487109453462 0.999837102800882 -0.0001090685582997 0.324946045875549 -0.0054937689436851 0.000208256282026 0.999984887451862 0.726358413696289
1655375879.07772 0.999811739626719 -0.0181336168939486 0.0069034225524321 0.84034138917923 0.0181303089874194 0.999835485829136 0.0005414543714142 0.321420073509216 -0.0069121053677316 -0.0004161912530658 0.999976024504701 0.725376725196838
1655375879.17758 0.999813619187639 -0.019143149619457 0.0025033396817255 0.872443914413452 0.0191386361657349 0.999815192712887 0.0018146697243332 0.318834155797958 -0.002537615540353 -0.001766420997348 0.999995220120691 0.723459661006927
1655375879.27589 0.999815622421863 -0.0191615879497431 -0.0012468794757925 0.898594617843628 0.0191645340018698 0.999813474147292 0.0023953183534041 0.321846425533295 0.0012007487972387 -0.0024187725745173 0.999996353864132 0.721729934215546
1655375879.37655 0.999822064249615 -0.0187278580276875 -0.0022599056028474 0.9280104637146 0.0187332525762189 0.999821660701272 0.0023899875453458 0.316774994134903 0.0022147432254298 -0.0024318976635751 0.999994590378468 0.719020128250122
1655375879.47898 0.999858099176118 -0.0168451637644734 -0.0001482216889141 0.966058731079102 0.0168454819206872 0.999854976743049 0.00250104398537 0.314902663230896 0.0001060696978063 -0.0025031859509487 0.999996861399732 0.718917608261108
1655375879.57568 0.999850235381457 -0.0172410387285866 -0.0015011299760221 0.988885879516602 0.0172460835913925 0.999845442368131 0.0034152564229787 0.31578516960144 0.0014420153966713 -0.0034406335514513 0.999993041291968 0.713390171527863
1655375879.68297 0.999854740578816 -0.017043958054237 -3.51555672203875e-05 1.01684784889221 0.0170439940586611 0.999852244026049 0.0022343640265513 0.321221619844437 -2.9320339711247e-06 -0.0022346386554049 0.999997503187624 0.714244365692139
1655375879.77547 0.999864681798969 -0.01644924076648 -0.0002014181033042 1.04849433898926 0.0164491334570603 0.99986456690428 -0.0005233142731009 0.319684594869614 0.0002099989471017 0.0005199303058929 0.999999842786447 0.714863419532776
1655375879.875 0.999879802638132 -0.0155018108491746 0.0002722806014538 1.07559478282928 0.0155020666075786 0.999879371267707 -0.0009637656293786 0.317773431539536 -0.0002573076441005 0.0009678706993121 0.999999498509417 0.71361118555069
1655375879.97578 0.999860927461071 -0.0165111785359531 0.0023466401602083 1.10988736152649 0.0165114815434378 0.999863670166802 -0.000109808075841 0.317425340414047 -0.0023445071824017 0.0001485393102475 0.999997240607265 0.714570879936218
1655375880.07517 0.999799831534079 -0.0200056560359281 0.0002656896681058 1.14100182056427 0.0200051531278283 0.9997982977656 0.001776973083703 0.306007832288742 -0.0003011855902038 -0.0017713022272319 0.999998385886527 0.712574243545532
1655375880.17541 0.999750857902962 -0.0222830755043052 -0.0012987179684452 1.17030012607574 0.0222875697181965 0.999745279411115 0.0035553524788464 0.306631356477737 0.0012191629705089 -0.0035834119581401 0.999992836374536 0.712336659431458
1655375880.27603 0.999722084964121 -0.0235213324778602 0.0015810608641173 1.20024967193604 0.0235154823429652 0.999716911053833 0.0036221324051396 0.31001228094101 -0.0016658106638436 -0.0035839463512489 0.999992190171195 0.711941838264465
1655375880.37522 0.999721633939676 -0.023573280341328 0.0009772854924949 1.22834610939026 0.0235706522007061 0.999718743673363 0.0026187598183119 0.30863818526268 -0.0010387433841109 -0.002594995588014 0.99999609349741 0.71235054731369
1655375880.4744 0.999677232789054 -0.0253598080601786 0.0015199928852338 1.2587388753891 0.0253584845906206 0.999678031291525 0.0008837490411394 0.308007389307022 -0.0015419152011443 -0.0008449190797682 0.999998454303436 0.712221205234528
1655375880.57657 0.999600961491656 -0.0282328990520847 0.0009061986935204 1.28894567489624 0.0282317523714258 0.999600617862759 0.0012541636369881 0.306349962949753 -0.0009412454493073 -0.0012280796002864 0.999998802938033 0.709422826766968
1655375880.67521 0.999526566167653 -0.0307607554392964 -0.0006476495229121 1.31825160980225 0.0307613012238384 0.999526397494818 0.0008503281998657 0.303354352712631 0.0006211860566764 -0.0008698481677891 0.999999428745861 0.709706783294678
1655375880.77453 0.999443410075968 -0.0333066232773762 -0.0018811968475966 1.35253870487213 0.0333120405044203 0.999440717609301 0.0029257378620895 0.303966134786606 0.0017826982785453 -0.002986775931459 0.999993950559894 0.708496630191803
1655375880.87491 0.999423776742158 -0.0339303457645506 -0.0009198471283439 1.3847953081131 0.0339327836553692 0.999420254392832 0.0027787232258242 0.301764518022537 0.0008250308111758 -0.0028083350344765 0.999995716280072 0.710431814193726
1655375880.97425 0.999424325034477 -0.0339003158013998 -0.0013368313075602 1.41207766532898 0.0339048971535278 0.999418695378127 0.003567811330748 0.301703006029129 0.0012151042705103 -0.0036110825590776 0.999992741775841 0.70721834897995
1655375881.07468 0.999489595737562 -0.0319255947476898 0.0011421087387139 1.44493663311005 0.031921394256302 0.999484169023887 0.0035242672094674 0.305357366800308 -0.0012540339303605 -0.0034860107051297 0.999993137540586 0.702511727809906
1655375881.17449 0.999532723436371 -0.0303465697432371 0.0036633979704416 1.46304225921631 0.0303409584298318 0.999538361972059 0.0015777159984264 0.305566310882568 -0.0037095850752082 -0.0014658277631832 0.999992045132129 0.697809636592865
1655375881.27503 0.999601468980464 -0.0278435018528641 0.0046521625796184 1.48801219463348 0.0278385175730484 0.999611791562045 0.0011327442140561 0.301047950983047 -0.0046818961364731 -0.0010027834706242 0.99998853707124 0.696290493011475
1655375881.37477 0.999614771162378 -0.0273001088792794 0.0050013327389504 1.51673722267151 0.0273006437969234 0.999627267210298 -3.8703305623998e-05 0.300863862037659 -0.0049984119737888 0.0001752279996105 0.999987492508226 0.697201192378998
1655375881.47479 0.999656470847473 -0.0261099662812346 0.0022825322708546 1.54844892024994 0.0261135922719075 0.999657743664838 -0.001573476908451 0.299665004014969 -0.0022406676307007 0.0016325414903307 0.999996157101042 0.696238279342651
1655375881.57508 0.999734157446976 -0.0230553906774748 0.0002517826329066 1.58023631572723 0.02305577750455 0.999732801956023 -0.0016600653060225 0.304453134536743 -0.0002134419028991 0.0016654290343872 0.999998590393349 0.697275698184967
1655375881.67444 0.999784607874684 -0.0206504779874982 -0.0020725867296807 1.61075687408447 0.0206461740207385 0.999784687680014 -0.0020769638615101 0.302507281303406 0.0021150307727265 0.0020337255135557 0.999995695293418 0.696765184402466
1655375881.77443 0.999765077992986 -0.0214435954675739 0.0031561113894014 1.64514410495758 0.0214411343733432 0.999769783054464 0.0008115713244926 0.302183866500854 -0.0031727878062531 -0.0007437100601308 0.999994690142344 0.695221662521362
1655375881.87536 0.99969085002228 -0.024858414960908 -0.00051340759887 1.6758553981781 0.0248605832751605 0.999679552226327 0.0047690942314291 0.301103562116623 0.0003946909551554 -0.0047803834784195 0.999988496010254 0.694746077060699
1655375881.97434 0.999623122133781 -0.0273462476844228 -0.0024075782632409 1.71058130264282 0.0273546089279387 0.999619625765013 0.0035112897652214 0.29782697558403 0.0023106418828893 -0.0035758247996814 0.999990937164478 0.695593118667603
1655375882.07497 0.999581546005804 -0.0288364595849685 -0.0022784826640673 1.74455618858337 0.0288434147923373 0.999579193725388 0.0030810541086953 0.297297805547714 0.0021886771719812 -0.0031454840498741 0.99999265778421 0.696479082107544
1655375882.1745 0.999551951025944 -0.0295536993677579 -0.0047408916786861 1.77586793899536 0.0295690459517725 0.999557616960792 0.0032002964181695 0.295604795217514 0.0046442137903865 -0.0033390461725421 0.999983640890653 0.696002900600433
1655375882.27451 0.999536184158385 -0.0301085351163559 -0.0045708501661771 1.80766022205353 0.030124327435907 0.999540286738254 0.0034263805602357 0.296233326196671 0.0044655855863184 -0.0035624851377189 0.999983683489393 0.693448007106781
1655375882.37478 0.999535916502571 -0.0302854402072781 -0.0032777633862836 1.84386253356934 0.0302994133115784 0.999531614782464 0.0043007677610986 0.293844878673553 0.0031459774854928 -0.004398086153333 0.999985379725048 0.691601037979126
1655375882.47741 0.999526140321836 -0.0306301529593525 -0.0030477111116991 1.87495052814484 0.0306415241039597 0.999523377218689 0.0037570459051441 0.292397826910019 0.0029311796124026 -0.0038486521060717 0.999988297963054 0.690569698810577
1655375882.57768 0.999538598973415 -0.0303162201219421 -0.0018750892729156 1.90679204463959 0.0303248543351455 0.999528753429742 0.0047617514359007 0.294181734323502 0.00172984733883 -0.0048164161679664 0.999986904795998 0.688400864601135
1655375882.67848 0.999543177064218 -0.0299005065249908 -0.0044041904952528 1.9385598897934 0.0299079244333229 0.99955133193958 0.0016281504547129 0.290892213582993 0.0043535319523508 -0.0017591268747643 0.999988976055325 0.686138212680817
1655375882.77337 0.9995052338724 -0.0313554996290376 -0.0024738845350881 1.97106945514679 0.0313636544746645 0.999502494158997 0.003329466614661 0.29029569029808 0.0023682566738811 -0.0034054093671258 0.999991397236681 0.688349008560181
1655375882.87468 0.999449417008926 -0.0329362271360766 -0.0040084638651883 1.9961564540863 0.0329480217235198 0.999452821960308 0.0029128233868533 0.291748523712158 0.0039103331091116 -0.0030432905903487 0.999987723763326 0.687320590019226
1655375882.97443 0.999429971820466 -0.0337321821903281 -0.0013679589248909 2.03502774238586 0.0337366115891853 0.999425125155932 0.0033556289320291 0.291011661291122 0.0012539798332189 -0.0033998664278968 0.99999343419987 0.689433753490448
1655375883.08396 0.999408601716102 -0.0342910496617207 -0.0025633433173315 2.07130813598633 0.0342957516902969 0.999410082421798 0.0018134413835758 0.29116228222847 0.0024996463475069 -0.0019002807033618 0.999995070338542 0.688429057598114
1655375883.17435 0.999406456782049 -0.0339320247863196 -0.005945741017753 2.10243630409241 0.0339437547259742 0.999421970622535 0.0018831229572822 0.292631208896637 0.0058784060299117 -0.0020838260171931 0.999980550816704 0.689919650554657
1655375883.27725 0.999426153256359 -0.0335920570564398 -0.0043517685961354 2.14133453369141 0.0335914942149844 0.999435626019578 -0.0002023839397136 0.291301339864731 0.0043561110640211 5.60853927268776e-05 0.999990510530388 0.688129067420959
1655375883.37357 0.999315945233932 -0.03597493046865 -0.0085700629512974 2.17347717285156 0.0359452220795906 0.999347292787022 -0.0035957487257956 0.29380014538765 0.0086938260197866 0.0032852362207217 0.999956811373427 0.684354841709137
1655375883.47352 0.999280235331298 -0.0375359311718005 -0.0054831694567717 2.2080442905426 0.037508679028614 0.999283836905031 -0.0049912220835468 0.292237788438797 0.0056665927817545 0.0047819631350239 0.999972510899585 0.68198823928833
1655375883.57429 0.999116214761328 -0.041591407760298 -0.0060781741923118 2.2424783706665 0.041578698876842 0.999132804218764 -0.0022025743253631 0.291939049959183 0.0061645113921831 0.0019479051482242 0.999979102014052 0.682963728904724
1655375883.67371 0.998947311790291 -0.0457810547161331 -0.0028919363806211 2.27493047714233 0.0457894111651362 0.998946926801304 0.0028926215409695 0.289239466190338 0.0027564636948861 -0.0030219965763739 0.999991634687306 0.6847003698349
1655375883.77415 0.998841859589605 -0.0481132262430781 -0.0002387301043392 2.29895544052124 0.0481135495883931 0.998807392065128 0.0082993916681998 0.291162341833115 -0.0001608651160895 -0.0083012659600405 0.99996553095888 0.686779379844666
1655375883.87296 0.998829066391347 -0.0483672074716925 -0.001053267857907 2.3352952003479 0.0483734199772613 0.998804728537952 0.0070090291718467 0.289275348186493 0.0007130017487647 -0.0070517722324644 0.999974881752981 0.685603320598602
1655375883.97362 0.998892079616449 -0.0470163325009546 -0.0020193458556732 2.3634729385376 0.0470238948259004 0.99888624200583 0.0038767056726228 0.287856966257095 0.001834828310171 -0.0039673680985214 0.999990446652088 0.68318909406662
1655375884.07313 0.998965437295728 -0.0453128805075042 0.0038468101937752 2.39858055114746 0.0452991811976788 0.998967062326014 0.0035766703165712 0.287024170160294 -0.004004905913271 -0.0033987126748553 0.999986204645234 0.67925637960434
1655375884.17905 0.999049685778881 -0.0435139149647777 -0.0025029082197717 2.42656683921814 0.0435158793987505 0.999052464503354 0.0007358056313473 0.28779536485672 0.0024685188417156 -0.0008440226370296 0.999996597014468 0.679208815097809
1655375884.28029 0.999076562023829 -0.0429488693048798 -0.0011907309011014 2.45639801025391 0.0429477707744239 0.999076882904848 -0.0009332902229624 0.288363009691238 0.0012297154768604 0.0008812891495332 0.999998855563986 0.679134368896484
1655375884.38528 0.998952436498004 -0.0457398214989718 -0.0013778040291934 2.4904580116272 0.0457402303629445 0.998953332342217 0.0002666996898967 0.2894406914711 0.0013641631300675 -0.0003294413787258 0.999999015263182 0.674115657806396
1655375884.47312 0.998858114220058 -0.047752241300548 0.0014802390089133 2.52164912223816 0.0477464710318893 0.998852577809231 0.0037151457380654 0.289017200469971 -0.0016559470855776 -0.0036402272770173 0.999992003260337 0.673687994480133
1655375884.59487 0.998907358570474 -0.0467259167841114 -0.0008818698554371 2.55236148834229 0.0467287510185707 0.998901389875608 0.0035266319375487 0.28773108124733 0.0007161159138435 -0.0035639872702926 0.999993392564538 0.674819767475128
1655375884.6732 0.999007688476624 -0.0445142824992517 -0.0014549976525023 2.58674168586731 0.0445180896033493 0.999004934554775 0.0026982278031842 0.28727525472641 0.0013334401599371 -0.0027603240365092 0.999995301263238 0.674018323421478
1655375884.77355 0.999037463855645 -0.0436276227532631 -0.0045581076972829 2.62161159515381 0.0436349125743021 0.999046399080456 0.0015122463450439 0.286823362112045 0.0044877853685398 -0.0017096833841529 0.999988468316116 0.674447953701019
1655375884.87365 0.998986573503259 -0.0447189890537491 -0.0051027422263672 2.64855146408081 0.0447321014709107 0.998995927608351 0.0024850995807395 0.291408836841583 0.0049864875628274 -0.0027108374980271 0.999983893021205 0.673833847045898
1655375884.9726 0.999057171103412 -0.0433356323064322 -0.0026061157781957 2.68017363548279 0.0433368673603251 0.999060428664061 0.0004192910411064 0.290249973535538 0.0025854969041256 -0.0005318366152021 0.999996516171718 0.672282576560974
1655375885.07299 0.999004624258616 -0.0396028162170354 -0.0205274854178866 2.7103419303894 0.0396691877721615 0.999208843095516 0.0028360925967914 0.290892779827118 0.0203989277021814 -0.0036475782925527 0.999785266405342 0.66995507478714
1655375885.17319 0.995176489134083 -0.0388947017085479 -0.09006085527999 2.73700332641602 0.0391711440725878 0.999231666160298 0.0013033858063881 0.287764072418213 0.0899409636750952 -0.0048248856482614 0.995935411325291 0.666921138763428
1655375885.2723 0.995503091282321 -0.0422922367243898 -0.0847641549252474 2.74650621414185 0.0426397433129813 0.999087882029307 0.0022926561879399 0.295246183872223 0.0845898784580415 -0.005896668130496 0.996398405140942 0.664742052555084
1655375885.37218 0.99488948455731 -0.0779040256550931 -0.0642329845486049 2.77460312843323 0.0782885311713565 0.996924643746086 0.0034872021408336 0.282225638628006 0.0637637781528218 -0.0084980867535038 0.997928836699896 0.663257241249084
1655375885.47232 0.988784504406685 -0.141436590644078 -0.0479676419287624 2.77926778793335 0.142230738197533 0.98974077359124 0.01355057942671 0.281563997268677 0.0455589832745552 -0.0202210760839857 0.998756971001952 0.661905586719513
1655375885.5727 0.974009404637636 -0.225285958041421 -0.0234929092876292 2.76246166229248 0.22555315364996 0.974185629904995 0.0093879372157032 0.29752442240715 0.0207714842029975 -0.0144428389164798 0.9996799236996 0.663050591945648
1655375885.67221 0.948172703711788 -0.317746333977628 -0.0024064869945336 2.78481698036194 0.317747815430821 0.948175228051753 0.0002503955817138 0.324327111244202 0.0022022090767117 -0.0010020742410868 0.999997073056915 0.659723877906799
1655375885.77233 0.91054654992568 -0.413279013311322 -0.0102682800342129 2.76132535934448 0.413166657851504 0.910583460435392 -0.0114487737913162 0.322643369436264 0.0140816639023729 0.0061821305329434 0.99988173700884 0.661438524723053
1655375885.87278 0.86078075099874 -0.508962725286492 0.0036664668268688 2.76611018180847 0.508956260827365 0.860661819229781 -0.0149919139775392 0.320388048887253 0.0044747373859104 0.0147708222191454 0.999880892674871 0.663389980792999
1655375885.97187 0.800013182878704 -0.599968820845074 0.0040399547098656 2.74306988716125 0.599949223806464 0.79987994742013 -0.0159059287434269 0.343197554349899 0.0063115825517326 0.015148720373068 0.99986533103051 0.662766218185425
1655375886.0724 0.730292933613674 -0.683134123765485 -7.8165109858031e-06 2.77180099487305 0.683001097928425 0.730150950301919 -0.019725364426799 0.351284474134445 0.0134807767765805 0.0143999555682606 0.999805436040999 0.663307130336761
1655375886.17437 0.649977453909934 -0.759828543031406 -0.013780225089964 2.75249648094177 0.759703933456777 0.650121844826749 -0.0138390884586302 0.331234067678452 0.019474159778019 -0.0014737957239905 0.999809274325411 0.663195192813873
1655375886.27256 0.564673445389339 -0.825311423205661 0.0022259376407502 2.80271172523499 0.825300074073435 0.564645667762716 -0.0074200816153736 0.353273212909698 0.0048670120727265 0.0060269895506171 0.999969993345021 0.662980616092682
1655375886.37219 0.473273030964779 -0.880711825627865 -0.0189556946758371 2.81135225296021 0.880910243581828 0.473084071953978 0.0137333031731902 0.350627541542053 -0.0031274452855999 -0.0231978676320884 0.999726001474059 0.661356210708618
1655375886.47206 0.377212898772475 -0.92607687626507 -0.0095941777550947 2.78149843215942 0.925983680186278 0.376952487554482 0.0214719853568355 0.384160488843918 -0.0162681599556447 -0.016983561864876 0.999723414549264 0.659409046173096
1655375886.57401 0.285456240864811 -0.958251918815542 -0.0163705417644879 2.79341554641724 0.958379533507277 0.285497181148452 -0.0001712035688608 0.390603363513947 0.0048377996760032 -0.0156403210523216 0.999865979045029 0.658832907676697
1655375886.67265 0.224013804256541 -0.974397591385015 -0.0191611431181142 2.78887915611267 0.974555485422304 0.224119005972358 -0.0035038543434282 0.390583842992783 0.0077085235817262 -0.0178886853916878 0.99981026880061 0.655128717422485
1655375886.77554 0.179459207058847 -0.983641252288264 -0.0156294529202223 2.78206181526184 0.983707763731545 0.179598038927918 -0.0079737060096852 0.375080972909927 0.0106502852587333 -0.0139438592226808 0.999846058257913 0.65559059381485
1655375886.87519 0.119067737078142 -0.992886058894719 0.0003847591486986 2.78299021720886 0.992861921976964 0.11906211846123 -0.007029639801022 0.368918597698212 0.0069338211181448 0.0012190160114572 0.999975217755253 0.657703578472137
1655375886.97364 0.0520868770219488 -0.998609048346382 0.0081808192030909 2.77830958366394 0.998617358684762 0.0520256204747472 -0.0075303218846187 0.361372411251068 0.0070942353759085 0.0085617390144081 0.999938182314027 0.66137170791626
1655375887.07214 0.0059145146474333 -0.999139164865245 0.0410602940669756 2.77394723892212 0.999958025460913 0.0056220500150032 -0.007234629910383 0.366238594055176 0.0069975590598939 0.0411013599046311 0.999130478156479 0.664009749889374
1655375887.17409 -0.0215338814154753 -0.995012131443727 0.0974020032185967 2.76541495323181 0.999650890372785 -0.0229208247560022 -0.0131427991463689 0.363972038030624 0.0153097788384223 0.0970849837632778 0.995158337451686 0.663448095321655
1655375887.27306 -0.0365871321958738 -0.994964149790685 0.0933151776989158 2.75341773033142 0.999218395755503 -0.037821610219144 -0.0114944936482949 0.371183454990387 0.0149659393785087 0.0928216916013155 0.995570265841035 0.664124488830566
1655375887.37541 -0.0441952128028902 -0.996401149346702 0.0723293353064948 2.74270176887512 0.998933647911413 -0.0450431243649105 -0.0101333122839445 0.387695819139481 0.0133547832518531 0.0718043628759375 0.99732932536664 0.66496616601944
1655375887.47204 -0.0509828291076788 -0.997772149561361 0.0430289285931946 2.73193264007568 0.998584810637734 -0.0515826600624605 -0.012946240553964 0.411957561969757 0.0151369448627417 0.0423079985414302 0.998989942972221 0.669610500335693
1655375887.57178 -0.0532479575641993 -0.998452745509431 0.0160240444308062 2.72080898284912 0.998510409302294 -0.0534285540664993 -0.0110612894965938 0.440431118011475 0.0119003163909841 0.0154111840895625 0.999810420967271 0.670385897159576
1655375887.67451 -0.0536910094629057 -0.998556624425555 -0.0013940296606483 2.71214818954468 0.99848895342396 -0.0536708972829383 -0.0118001980986904 0.471730262041092 0.0117083471582552 -0.0020254877646836 0.999929403511136 0.671546757221222
1655375887.77191 -0.0530555511518985 -0.998535308352085 -0.0105993615928136 2.70426082611084 0.998545193347879 -0.0529478115370437 -0.0101993183734885 0.50400173664093 0.0096231665170232 -0.0111250720287393 0.999891807866502 0.669555962085724
1655375887.87434 -0.0537043893664787 -0.99847564296999 -0.0127369132225766 2.6944568157196 0.998529029785556 -0.0536032617003641 -0.008152730254294 0.524889349937439 0.0074575624898924 -0.0131560150025787 0.999885645477002 0.666473209857941
1655375887.97396 -0.0498562344683241 -0.998733018132703 -0.0068347915975423 2.68469786643982 0.998718506666183 -0.049793560366196 -0.0090523913153514 0.549841046333313 0.0087005934916966 -0.0072773510015892 0.999935667848333 0.665074110031128
1655375888.07277 -0.0468342567495991 -0.998902672534416 -5.65536455609557e-05 2.67890548706055 0.998864687358126 -0.0468319818924317 -0.0087236357660773 0.580912411212921 0.0087114145616466 -0.0004650544367506 0.999961946766329 0.663071751594543
1655375888.17332 -0.0447110127620015 -0.998990953411851 0.0042426806474907 2.66563057899475 0.998956345601945 -0.0447483428214371 -0.0091545287340459 0.607375144958496 0.0093351443161565 0.0038289445041153 0.999949095836674 0.661097884178162
1655375888.27297 -0.0435152865875259 -0.999048089945466 0.0030551283969219 2.6579692363739 0.999005188818822 -0.0435428534888711 -0.0096256232586212 0.637959659099579 0.009749489539237 0.0026332273663502 0.99994900548346 0.659900724887848
1655375888.37705 -0.0441614208068625 -0.999016956265337 0.0038587571393812 2.64884471893311 0.998971644712935 -0.0441984562823326 -0.0101069046592894 0.65813148021698 0.0102675202387163 0.0034084536963617 0.999941478523392 0.662699282169342
1655375888.47962 -0.0438883172363386 -0.999022987865805 0.0051851061552925 2.63768672943115 0.998983989444186 -0.0439386062751473 -0.0100193668849443 0.684242606163025 0.010237404179773 0.004740104880352 0.999936361455759 0.661165475845337
1655375888.58056 -0.0449187571547194 -0.998977830657263 0.0050595564018716 2.63287019729614 0.998938414790887 -0.0449676211493724 -0.0099978249252706 0.71007376909256 0.0102151216706011 0.004605095381737 0.99993722022224 0.663021504878998
1655375888.67095 -0.047061049085481 -0.998878040522348 0.0052837317501458 2.62366247177124 0.998856074978883 -0.0471035682195112 -0.0082337924900825 0.742731392383575 0.0084734371275078 0.0048901966446565 0.99995214227483 0.664186179637909
1655375888.77177 -0.0492948151263331 -0.998783907369283 0.0008529840611909 2.61994695663452 0.998743531541753 -0.0493004999906802 -0.0089899334911593 0.773039400577545 0.0090210534399908 0.0004087552041779 0.999959225925745 0.662949919700623
1655375888.8712 -0.0500910161680394 -0.998743673379214 -0.0014017789577076 2.61441588401794 0.998728818323112 -0.0500822679963444 -0.0057020946381684 0.809890508651733 0.0056247266754487 -0.0016856207566937 0.999982760417644 0.660741448402405
1655375888.97152 -0.0491958968394882 -0.998786710185824 -0.0022070999835018 2.60987257957458 0.998776308461997 -0.049183939242766 -0.0051793605387203 0.836850464344025 0.0050645226018435 -0.0024592024606859 0.999984151341446 0.657895922660828
1655375889.07024 -0.0466760949712773 -0.998909861047356 -0.0006570088156618 2.59575510025024 0.998905860684973 -0.0466739768196912 -0.0029362181541495 0.857552886009216 0.0029023520541336 -0.0007933411539057 0.999995473470939 0.656856417655945
1655375889.17275 -0.0432334216147003 -0.99905486377401 0.0045000472198313 2.59065723419189 0.999054166540902 -0.0432534889263328 -0.0044618396388796 0.884392321109772 0.0046522653351933 0.0043028903303184 0.999979920579436 0.655391693115234
1655375889.27189 -0.0424013006333138 -0.999071928378676 0.0075770462792349 2.58564209938049 0.999088823707209 -0.0424364950299605 -0.0045460128593656 0.915401041507721 0.0048633371206112 0.007377385396363 0.999960960306334 0.654579401016235
1655375889.36986 -0.0464679949481126 -0.998909526457477 0.0045258588136052 2.58298420906067 0.998906926666826 -0.0464899035401253 -0.0048621729572065 0.951067328453064 0.0050672776259182 0.004294976289614 0.999977937694694 0.654427647590637
1655375889.47124 -0.051804298202699 -0.998656978756004 -0.0007439554122962 2.57669591903687 0.998657161860602 -0.0518046021779983 0.0003952944543636 0.981318652629852 -0.000433303879686 -0.0007224784488029 0.999999645136256 0.656539142131805
1655375889.57104 -0.0513970544620915 -0.998676908947044 -0.0016656315916916 2.57308292388916 0.998678278750617 -0.0513966549660577 -0.0002817978089198 1.01571524143219 0.0001958170725413 -0.0016779136683556 0.99999857312968 0.655047297477722
1655375889.67015 -0.0459369421484487 -0.998927006665474 -0.0058849554293939 2.56604886054993 0.998929416697163 -0.0459032555337813 -0.0057368622491136 1.04712283611298 0.0054605680212788 -0.0061421890036244 0.999966227285266 0.651692748069763
1655375889.78635 -0.0411654414077505 -0.999141322032767 -0.0046930843077998 2.55738377571106 0.999116888029416 -0.0411239564915593 -0.0086176711991062 1.07360696792603 0.0084172731998335 -0.0050436900276867 0.999951854192383 0.649958193302155
1655375889.87074 -0.0401639245838333 -0.999183497256112 -0.0043815491631113 2.55452013015747 0.999103928623535 -0.0401013696086895 -0.0135358769396406 1.11126577854156 0.0133491187365299 -0.0049212769229014 0.999898785909057 0.649366497993469
1655375889.96999 -0.0404093364736848 -0.999165453953651 -0.0059566056903634 2.54573392868042 0.999134503396136 -0.0403477871874048 -0.0101143557598869 1.13376247882843 0.009865579005522 -0.0063601646734836 0.99993110695498 0.652284920215607
1655375890.07025 -0.0397060915178504 -0.999204994898469 -0.0035783328976666 2.54099774360657 0.999166281291362 -0.0396700114418861 -0.0096453368314349 1.15957713127136 0.0094957162324546 -0.0039583282015335 0.999947080105283 0.654918849468231
1655375890.17106 -0.038924395831339 -0.999239121401806 0.0024636698870201 2.54203867912292 0.999193398326506 -0.0389467348527548 -0.009782872024013 1.18789792060852 0.0098713803439156 0.0020808903037363 0.999949111578009 0.656781792640686
1655375890.27022 -0.0398445145104923 -0.999194034001404 0.0048679646078817 2.53205180168152 0.999189845451452 -0.0398710119782932 -0.0054731298660305 1.21785736083984 0.0056628093846433 0.0046459466018476 0.999973173525193 0.656929790973663
1655375890.37399 -0.0396404959518815 -0.999204221354959 0.0044221156834856 2.53478503227234 0.999205897809138 -0.039657615425493 -0.0038532223135977 1.2491774559021 0.0040255265647087 0.0042658604282092 0.999982798637398 0.656097769737244
1655375890.47104 -0.0383090751455538 -0.999257884009269 0.0040119829025858 2.53852558135986 0.999265819545085 -0.0383107164068207 -0.0003330124417788 1.28020477294922 0.0004864672471307 0.0039962799844968 0.999991896515118 0.654494047164917
1655375890.56985 -0.0381775002404762 -0.999266958163575 0.0028328074246515 2.53710913658142 0.999270952822605 -0.0381767693661869 0.000311650067091 1.30521428585052 -0.0002032741788437 0.0028426401949058 0.99999593902992 0.65194171667099
1655375890.67027 -0.0382465752368072 -0.999268235688106 0.0004388934198366 2.53656768798828 0.999265687242636 -0.0382454597874464 0.002317564486728 1.32995474338531 -0.0022990828951067 0.0005272100393071 0.999997218129838 0.645863473415375
1655375890.79164 -0.0384233374708042 -0.99925950838196 0.0020204073468661 2.53914856910706 0.999244336809468 -0.0384107290757594 0.0059473730398042 1.36228704452515 -0.0058653637406957 0.0022473985207773 0.999980273159465 0.645408809185028
1655375890.87017 -0.0392955328337762 -0.999225727250864 0.0019511789489371 2.54525065422058 0.999216955876086 -0.0392860114077075 0.0046994039410663 1.3944308757782 -0.0046191112822111 0.0021343166715918 0.999987054167857 0.645281493663788
1655375890.97368 -0.0399099696249332 -0.999201286503817 0.0019958390851615 2.54626393318176 0.999191390889261 -0.0398996713298606 0.0049578826682807 1.43135380744934 -0.0048742894169558 0.0021920941781888 0.999985717910908 0.648121297359467
1655375891.07039 -0.0438323311108004 -0.999034986705655 -0.0027967994967545 2.54643845558167 0.999031851924399 -0.0438423668646844 0.0036339659063596 1.45402407646179 -0.0037530773905325 -0.0026348065838509 0.999989486046912 0.650213122367859
1655375891.16977 -0.0505421653250892 -0.99872192706519 -4.38571014769226e-05 2.54747033119202 0.998705977308278 -0.0505416062462868 0.0056495067715383 1.48366272449493 -0.0056445028981925 0.0002417379558598 0.999984040447543 0.653374373912811
1655375891.27383 -0.055962128790264 -0.998430798668617 -0.0020446053923232 2.54694008827209 0.998411626557988 -0.0559741849388136 0.0064120647430253 1.51525461673737 -0.0065164480428504 -0.0016825250024579 0.9999773522508 0.654898405075073
1655375891.38637 -0.0592820072594735 -0.998235636353301 -0.0033552838341862 2.54509782791138 0.998224193615564 -0.0593003211575256 0.0056507690779077 1.55281734466553 -0.0058397684753127 -0.0030143365662337 0.999978405206442 0.655717670917511
