0 0 0 0 0 0 0 0 0 0 0 0 0
1655375873.726 0.999731059377995 0.0187425595673084 0.0136574293268082 -0.979131 -0.0188288399265902 0.999803395640364 0.00621649845299797 -1.085204 -0.0135382311241057 -0.00647198013464052 0.999887408547166 0.03474831
1655375873.795 0.99973164163995 0.0187197269793283 0.0136461176057296 -0.9791334 -0.0187999314776934 0.999806598497601 0.00577305613092476 -1.085212 -0.0135354083914755 -0.00602805295897325 0.999890221622954 0.03473062
1655375873.854 0.999729470038319 0.0187731038550062 0.0137316171134543 -0.979131 -0.0188557707340707 0.999804713202183 0.00591568835601169 -1.085202 -0.0136178796780381 -0.00617300820916676 0.999888217413689 0.03473087
1655375873.936 0.99972691532429 0.0195476092281585 0.0128056920798433 -0.9792037 -0.0195865738472229 0.99980388768642 0.00292443020917426 -1.085254 -0.0127460151069986 -0.0031744512256856 0.999913727257661 0.03485399
1655375874.007 0.99972811985211 0.0194789532941412 0.0128162691735761 -0.9791836 -0.0195181463773035 0.999805179848462 0.00294012077625464 -1.08524 -0.0127565018307938 -0.00318947123352396 0.999913545729975 0.03486061
1655375874.066 0.999746572847453 0.0180902483146551 0.0133989923384653 -0.9790931 -0.0181879002172265 0.999808644898992 0.007202351763795 -1.085174 -0.0132661360410764 -0.00744422602795925 0.999884289872275 0.03468467
1655375874.13 0.999731602702422 0.0186472150689761 0.0137478699520217 -0.9791316 -0.0187330120900971 0.999805677025866 0.00613860284440339 -1.085206 -0.013630730577582 -0.00639449427401335 0.999886650389383 0.0347308
1655375874.19 0.99972610698368 0.0188951693271593 0.0138088229532421 -0.9791209 -0.0189760128426073 0.999803421645415 0.0057470864546097 -1.085211 -0.0136975162658495 -0.00600754876946761 0.999888137446349 0.03474538
1655375874.253 0.999721883798244 0.0193185931661973 0.0135257906596911 -0.9791596 -0.0193888779226716 0.999799088763774 0.00508463568272137 -1.085228 -0.0134248451682159 -0.00534547146706634 0.999895594283225 0.03477319
1655375874.312 0.999733096122316 0.0188189057021277 0.0134009442153194 -0.9791262 -0.018895661359705 0.999805642146228 0.00562422566653239 -1.085202 -0.0132924978640973 -0.005875944242686 0.999894385812717 0.03472977
1655375874.375 0.9997194678684 0.019570477076701 0.0133409891655126 -0.9791777 -0.0196136784716629 0.999802780367755 0.00311512210286967 -1.085239 -0.0132773936348303 -0.00337591408301226 0.999906152607518 0.03485699
1655375874.436 0.999730378795974 0.0187845864536455 0.013649506372934 -0.9791273 -0.0188619943856929 0.99980661107934 0.00556467517834231 -1.085213 -0.013542336587655 -0.00582063173649447 0.999891356781293 0.03475048
1655375874.502 0.999722043229708 0.0194522317722072 0.0133209218787129 -0.9791865 -0.0194975532661626 0.999804521475107 0.00328089234300006 -1.085245 -0.0132544972462782 -0.00353970578064531 0.999905889964518 0.03485908
1655375874.562 0.99973009456663 0.0189142322986559 0.0134903607938719 -0.9791374 -0.0189943299571191 0.999802569379409 0.00583418304579666 -1.085217 -0.0133773482901673 -0.00608884873225272 0.999891980402803 0.03473137
1655375874.622 0.999722345217698 0.0197230633286558 0.0128931472247947 -0.9791953 -0.0197592842470535 0.999801152952694 0.00268798074932272 -1.08526 -0.0128375682459934 -0.00294199377946676 0.999913266995759 0.03486964
1655375874.684 0.999723513648 0.0191659591093262 0.0136221243099541 -0.9791328 -0.019245899568044 0.99979817840206 0.00576175439769163 -1.085211 -0.0135089455218744 -0.00602233138760988 0.999890613975121 0.03473524
1655375874.744 0.999729150900806 0.0187005885765799 0.0138532604841675 -0.9791378 -0.01878961384166 0.999803457782383 0.00632425632555236 -1.085204 -0.0137322704180338 -0.00658284082136896 0.999884038754438 0.03474013
1655375874.807 0.999777110434401 0.0174033804889296 0.011952062541566 -0.9789714 -0.0175180616229137 0.99980085766747 0.00955837456723257 -1.085067 -0.0117833343505037 -0.00976562107340151 0.999882885980471 0.03461385
1655375874.868 0.999720639416612 0.0189740688927871 0.014093538735628 -0.9789957 -0.0191498526897967 0.999739178398404 0.012444208180619 -1.084564 -0.0138537455729475 -0.0127106209500271 0.999823241302514 0.03473846
1655375874.928 0.99940043316729 0.0332675342126472 0.00959402691492065 -0.9784807 -0.0332098433950114 0.999429717520727 -0.00611114049239774 -1.083896 -0.00979185818487454 0.00578886032387643 0.999935302211817 0.03560773
1655375874.99 0.998482397735049 0.0534571687077117 0.0132375423331601 -0.9771691 -0.0523414111567509 0.995902826581397 -0.0737423669629897 -1.081872 -0.0171253639782316 0.072937583733899 0.997189465842712 0.04285507
1655375875.052 0.996010146043291 0.086054965050346 -0.0236290492615663 -0.9740759 -0.0877032362466009 0.992848680343383 -0.0809916063075397 -1.075861 0.0164903405269482 0.0827408057163231 0.996434658037705 0.06346009
1655375875.117 0.991694816126031 0.113339936249175 -0.0607902173033616 -0.9686519 -0.114625256740342 0.993244279283194 -0.0180790538584915 -1.06682 0.0583304567611793 0.0248969982576284 0.997986822203476 0.08991332
1655375875.174 0.990186882527129 0.137390520091575 -0.0255691740220899 -0.9587454 -0.137123604131381 0.990482182042113 0.0119232649519412 -1.055116 0.026963954851351 -0.00830012325573625 0.99960194732339 0.1269356
1655375875.237 0.988958745652248 0.147883279810094 0.00954646272409113 -0.9475278 -0.148181213511271 0.987582543900183 0.052182822326602 -1.045317 -0.00171095302690087 -0.0530212649439064 0.998591917703868 0.1628408
1655375875.298 0.988931435887506 0.143054157118421 0.0393716045470929 -0.935728 -0.146146115246077 0.984970698238548 0.0920545306323733 -1.037122 -0.0256110935329761 -0.0967896262137858 0.994975296248827 0.201639
1655375875.362 0.988496315287426 0.143173675028287 0.0487476506313496 -0.9226024 -0.147045747306141 0.98518589318738 0.0882400366260287 -1.031769 -0.0353918473996533 -0.0943930857821623 0.994905705327978 0.2479033
1655375875.421 0.988768447851172 0.13459602745565 0.0649681916566994 -0.9118682 -0.13984606686851 0.986563740232991 0.0844693082657771 -1.030426 -0.0527260288225069 -0.0926061328997635 0.994305823192221 0.2899321
1655375875.483 0.989923227209754 0.128497395526359 0.0595014585835401 -0.9022957 -0.13276366836005 0.988353867306557 0.0743669371680416 -1.031844 -0.0492525389620571 -0.081517190353417 0.995454235554139 0.3327979
1655375875.547 0.991984920106331 0.111368165454317 0.0596912891884227 -0.8925252 -0.114603874755604 0.991951464703116 0.0538353375056321 -1.035739 -0.0532153189658569 -0.0602446960045723 0.996764117748366 0.3813557
1655375875.605 0.993490933839381 0.100998452002406 0.0526790002949254 -0.884905 -0.103562122738088 0.993442644328146 0.0484417089323101 -1.040844 -0.0474410277390394 -0.053581947738199 0.997435874512063 0.4220148
1655375875.666 0.995128919674782 0.0865235163771058 0.0472452573349056 -0.8768698 -0.0886246655979446 0.995077197529946 0.0443513202013298 -1.047692 -0.043175246085613 -0.0483223764904945 0.997898214276265 0.465548
1655375875.727 0.995949300300556 0.0764421678101693 0.0473453927147587 -0.8702695 -0.0776859654406729 0.996664126976891 0.0250101733489012 -1.054667 -0.0452756226283349 -0.0285869371894476 0.99856542350401 0.5002366
1655375875.791 0.996755303429852 0.0664700486797917 0.0453938069891684 -0.8639501 -0.0665217286858612 0.997784906975949 -0.000372858740465566 -1.061613 -0.045318039422601 -0.00264802558556258 0.998969100254552 0.5313898
1655375875.851 0.996708400583305 0.0634472331095096 0.0504659570147726 -0.8573141 -0.0635811550715512 0.997976117837603 0.00105116390487903 -1.069223 -0.050297126423253 -0.00425638773317338 0.99872522859745 0.5625674
1655375875.914 0.997404651910359 0.0538437246639006 0.0477997244959964 -0.8522058 -0.053807040877142 0.99854923778467 -0.00205476804037933 -1.075231 -0.0478410148264088 -0.000522526527801125 0.998854826421942 0.5868433
1655375875.977 0.998080476894357 0.0483079140801606 0.0387518654977615 -0.8473121 -0.0477607340226043 0.998747304797474 -0.0149242569464502 -1.080377 -0.0394242809440428 0.0130447919494886 0.999137407704786 0.6072979
1655375876.036 0.998313007393374 0.043815455668291 0.0380965236442423 -0.8416666 -0.0432758782636497 0.998952418650874 -0.0148749330108876 -1.085039 -0.0387083664045134 0.0132011785893777 0.999163345631807 0.626828
1655375876.098 0.998500318677521 0.0424760787833857 0.0345383313446908 -0.8373186 -0.0421421889094014 0.999058129642564 -0.010338738270539 -1.088219 -0.0349449497755022 0.00886771257371325 0.999349895761689 0.6413669
1655375876.159 0.998618991112026 0.0417088649630044 0.0319449710267177 -0.832121 -0.0413132112206694 0.999062354066011 -0.0129472493880712 -1.09093 -0.0324550330308925 0.0116096197861265 0.999405767223396 0.6548212
1655375876.221 0.998554627755067 0.0406175333905908 0.0351976046088983 -0.8275877 -0.0404664662528294 0.999168416411427 -0.00499407197481131 -1.092029 -0.0353711817437404 0.0035625310027033 0.999367894158556 0.6648759
1655375876.282 0.998404429272914 0.0359993272238642 0.0435045290476374 -0.8230729 -0.036450427433806 0.999289154479106 0.00962039917712065 -1.092519 -0.0431272761500239 -0.0111908078289036 0.999006908820963 0.6729365
1655375876.344 0.998500722319398 0.0403830616442403 0.0369528870303582 -0.8181977 -0.0407412323612356 0.999129276074847 0.00899119991105297 -1.092929 -0.0365576190872537 -0.0104832257626268 0.999276559549098 0.6806215
1655375876.406 0.998628670646476 0.0384127025902732 0.0355702465912777 -0.8140522 -0.0389975840441433 0.999112833926687 0.0158975948402564 -1.092807 -0.0349280202927831 -0.0172629476827158 0.999240723767667 0.6859864
1655375876.467 0.998572567152917 0.0396405396925926 0.0357974264789163 -0.8092478 -0.0401952067063375 0.999080597207079 0.0149099175779478 -1.092942 -0.0351734770454703 -0.0163275196287247 0.999247836432637 0.6906923
1655375876.529 0.998350243920656 0.0432200241963917 0.0377997350788312 -0.8052263 -0.0437445355891736 0.998956063830638 0.0131604765143824 -1.093214 -0.0371914784548024 -0.014792296794663 0.99919866987796 0.6942077
1655375876.592 0.9983031834743 0.0451587518091119 0.0367619504395676 -0.8013711 -0.0458776164468013 0.998767286587028 0.0189512942235245 -1.093213 -0.0358608166978721 -0.0206056880164055 0.999144337644533 0.6974185
1655375876.652 0.998109400247912 0.0488224468703648 0.0373362266216482 -0.7970253 -0.0495915329787884 0.998570167594098 0.0199574609584908 -1.093478 -0.0363084699975972 -0.0217712901015614 0.999103451066879 0.7011589
1655375876.712 0.998590442462257 0.0485488146254312 0.0214508932564411 -0.7930091 -0.04878328096285 0.998753715985002 0.0105454399932121 -1.093691 -0.0209121907396941 -0.0115770205414139 0.999714285620572 0.7043015
1655375876.776 0.998052195610046 0.0531996083440312 -0.0325824570898022 -0.788846 -0.0527575705457791 0.99850524248845 0.0142800375766121 -1.094104 0.0332934466235363 -0.0125332515782616 0.999367031683956 0.7073203
1655375876.835 0.997060877845721 0.0529627969614379 -0.0553583598704065 -0.7812877 -0.0521294014383745 0.998505786263678 0.0163926905549735 -1.094313 0.0561438453901826 -0.0134587122703408 0.998331974690197 0.7107455
1655375876.899 0.997419605983855 0.0527035492931722 -0.0487490050248543 -0.7717504 -0.0523085773435051 0.998587256842092 0.00934361861834197 -1.09458 0.049172577065979 -0.00676951730100855 0.998767355944417 0.7139708
1655375876.958 0.997355783745991 0.0543276828605552 -0.0482694883277531 -0.7575435 -0.0537028090078846 0.998456696634065 0.014150379897861 -1.094792 0.0489637512153923 -0.0115207561207611 0.998734110384402 0.7173821
1655375877.019 0.997912080240118 0.0519398504964329 -0.0383892177733355 -0.7422501 -0.0512705372097098 0.99851860027869 0.0182191358662836 -1.094875 0.0392786471898937 -0.016212859954201 0.999096757600102 0.7201281
1655375877.083 0.998476161063364 0.0497221253690426 -0.0239387977340661 -0.7248438 -0.0492906694292179 0.998617025666752 0.0182884104205002 -1.094881 0.0248150296269597 -0.0170805824629695 0.999546131005137 0.7224651
1655375877.143 0.99881837186914 0.0484663148901798 -0.00358836141531694 -0.7031292 -0.0483849996950555 0.998627407065738 0.02005476655738 -1.095077 0.00455541668681173 -0.0198574464150721 0.999792443460482 0.7256558
1655375877.205 0.99891404940803 0.0453157208856761 0.0108262336878248 -0.6829379 -0.0455186859957849 0.998777017334353 0.019300747910648 -1.095086 -0.00993836608648664 -0.019772584183782 0.999755106910801 0.7279539
1655375877.268 0.998600535285619 0.042681628659061 0.0312289849704655 -0.6623446 -0.0433128714775654 0.998864861542333 0.0198238124583702 -1.095257 -0.0303474231466766 -0.0211486867447308 0.999315649310732 0.7300087
1655375877.328 0.998248224185603 0.0411255451637116 0.0425343678133189 -0.6393003 -0.0418557167573326 0.998988720343473 0.0164205846802363 -1.095316 -0.0418160481755645 -0.0181721259487817 0.998960055234182 0.7325455
1655375877.389 0.998573147430032 0.0376455286068198 0.0378745746853106 -0.6194364 -0.0380855188304444 0.999214342773931 0.0109631405298127 -1.095347 -0.0374321050315892 -0.0123899705719453 0.999222360709632 0.734211
1655375877.45 0.998007797569865 0.0367781035193995 0.0512621409157347 -0.6004294 -0.0375688112565254 0.99918815195626 0.0145472131697323 -1.095332 -0.0506855049350391 -0.0164440898729725 0.998579276521263 0.7358137
1655375877.51 0.997980406261695 0.0404476222498089 0.0489805938314215 -0.5795015 -0.0412567866334672 0.999026426637864 0.0156229458125516 -1.095335 -0.0483009966193503 -0.0176121757178982 0.998677538043216 0.7370012
1655375877.573 0.997864267578254 0.0350958193413326 0.0550925308483362 -0.5618749 -0.0360620044008413 0.999210974177015 0.0166421429754208 -1.095254 -0.0544649917755253 -0.018593346901007 0.998342552494839 0.7376193
1655375877.635 0.99800808128229 0.0383193943845873 0.0501148052898685 -0.5433159 -0.0389679313985951 0.999168064240491 0.0120282885077396 -1.095069 -0.0496121962601673 -0.0139571994293086 0.998671030202806 0.7387861
1655375877.695 0.998237696229118 0.0383491034724833 0.0452862903099811 -0.5277575 -0.039001611194314 0.999146407772672 0.0136136019926037 -1.094967 -0.0447255648531204 -0.0153558489775795 0.998881285113875 0.7396373
1655375877.758 0.998597625979916 0.0345358010539912 0.0401255508726749 -0.5124982 -0.0349216030809289 0.999349943609471 0.00895387324038251 -1.09464 -0.0397902378170141 -0.0103425651221502 0.99915452674807 0.7406115
1655375877.82 0.998546554398732 0.0367501258171376 0.0394234314950561 -0.4960985 -0.0371764207733215 0.999257322469122 0.0101349509286473 -1.094118 -0.0390216918765163 -0.0115858424063894 0.999171194450095 0.7412796
1655375877.884 0.998805279579214 0.0350844115494859 0.0340161366253636 -0.4819945 -0.0356898732001894 0.999212150234645 0.0173583344365609 -1.09362 -0.0333803300709192 -0.0185516276828583 0.999270529273566 0.7417263
1655375877.941 0.999083811617402 0.0350759729468039 0.0245196550929607 -0.4681914 -0.0353854099086068 0.999298020862751 0.0123019618512182 -1.09306 -0.0240709395255469 -0.013158328982969 0.99962365330595 0.7420689
1655375878.005 0.999056371987799 0.0359688953285063 0.0243434623548927 -0.4520789 -0.036225600103217 0.999291710091194 0.010187445223326 -1.092192 -0.0239597889752586 -0.0110596885970366 0.999651745259517 0.7421758
1655375878.068 0.999212386388594 0.0343291285753295 0.0199027088324844 -0.4381259 -0.0345674093451921 0.999333241963508 0.0117543914290092 -1.091593 -0.0194859205267312 -0.0124331185936166 0.999732822539734 0.7421198
1655375878.126 0.999181219513058 0.0356557509849146 0.0191195709706236 -0.4221287 -0.0358832540072888 0.999287604624543 0.0116908222804051 -1.090827 -0.0186891052286444 -0.0123673224848948 0.999748851802445 0.7423313
1655375878.188 0.999074289468775 0.0358946010839236 0.0237095283691566 -0.4076417 -0.0362374846502246 0.999242401273475 0.014193949536475 -1.090149 -0.0231820799042406 -0.0150399837182507 0.999618122115175 0.742351
1655375878.254 0.999197027551809 0.0328634796648686 0.0229192459724712 -0.3930504 -0.0332210443329146 0.999329395677322 0.015398738540175 -1.089367 -0.0223978200961699 -0.0161477750639188 0.999618720820806 0.7428471
1655375878.311 0.999094643281106 0.034536217671666 0.0248423717856129 -0.3763452 -0.0349541980482316 0.999251166666173 0.0165924668177045 -1.088378 -0.0242507279438024 -0.0174457898997702 0.999553673700902 0.743022
1655375878.373 0.999182945797574 0.0323819063459318 0.0241837335555216 -0.3617061 -0.0328114984081682 0.99930687776308 0.0175832200582315 -1.087797 -0.0235975930868369 -0.0183623581494513 0.999552888747614 0.7428571
1655375878.434 0.998945986110505 0.0343659780629847 0.0304285455696631 -0.3447976 -0.03498859512475 0.999184129955577 0.020171084653835 -1.087012 -0.0297105207781172 -0.0212144761116156 0.999333393296953 0.7426371
1655375878.498 0.999000037512208 0.0366790618006237 0.025565044025653 -0.3300728 -0.037080818632299 0.999193259712424 0.0154221475423956 -1.086687 -0.024978749771878 -0.016354698734214 0.999554193572888 0.742108
1655375878.561 0.998921709085707 0.0370982879544669 0.0279130103739634 -0.3155305 -0.0376843142434421 0.999073822354641 0.0207699288802069 -1.086209 -0.0271166291653486 -0.0217994155090178 0.999394553670458 0.7418547
1655375878.619 0.999021481173823 0.0373923981949346 0.0236196678743254 -0.2988459 -0.0377417690902525 0.999181986769773 0.0145229535820913 -1.085814 -0.0230572986102025 -0.0154001906495007 0.999615523643345 0.7417793
1655375878.682 0.998785509592293 0.0406878340560647 0.0277849957403159 -0.2842263 -0.041151085014143 0.999019816457313 0.016309338667044 -1.085817 -0.0270941696795087 -0.0174329138535042 0.999480864991399 0.7416711
1655375878.742 0.999033821862731 0.0338918959554767 0.0279778870340321 -0.2676341 -0.0343670040163665 0.999270094743969 0.0166789323794524 -1.085539 -0.0273921851863805 -0.0176243337157024 0.999469384749624 0.7416597
1655375878.806 0.999077672303753 0.0348402705827082 0.0250990089413446 -0.2530929 -0.0352967380696373 0.999215138459127 0.0179790810596894 -1.085699 -0.0244529136455645 -0.0188484115996851 0.99952328256745 0.7417605
1655375878.868 0.999156110357769 0.0311053989139407 0.026823894071117 -0.2385528 -0.0315557937292966 0.999365225516406 0.0165341437836029 -1.08556 -0.0262925658095206 -0.0173666400592454 0.999503427105783 0.7419374
1655375878.929 0.999060259535226 0.0379861060355717 0.0208723157713996 -0.2219236 -0.0384285328403358 0.999035992392311 0.021221068975197 -1.086108 -0.0200460889239259 -0.0220032191500503 0.999556908167759 0.7419556
1655375878.992 0.999316309357209 0.0334101235081008 0.0158327982321784 -0.2072197 -0.0337155274559994 0.999242547597592 0.0194317852766447 -1.086351 -0.015171587295045 -0.0199523110903807 0.999685814754366 0.7417469
1655375879.05 0.999376586825078 0.0313880689885991 0.0161625131407256 -0.1901146 -0.0316431731468257 0.999374694069397 0.0157775298098125 -1.086834 -0.0156571804312652 -0.0162791270916612 0.999744888820181 0.7414827
1655375879.111 0.999116838997583 0.0336493124462823 0.025164773064167 -0.1749586 -0.0341684391107459 0.999205989289848 0.0204916747981087 -1.087466 -0.0244552611970063 -0.0213334183662315 0.999473274010165 0.7407015
1655375879.175 0.999224023250944 0.0342554175507739 0.0194401061370193 -0.1598985 -0.0345396186354502 0.999298472635396 0.0144767860066271 -1.088036 -0.0189305600211431 -0.0151370062094902 0.999706209313666 0.7396006
1655375879.234 0.99916137861693 0.0349554268682765 0.0213227018168759 -0.1422801 -0.0353175915356031 0.999234053155734 0.0168515501390043 -1.088549 -0.020717316632207 -0.0175904845419237 0.999630615600153 0.7382219
1655375879.296 0.999030434107761 0.0344666150240837 0.0273905855220233 -0.1267643 -0.0349688390269043 0.999224971860724 0.0180730713229967 -1.089002 -0.0267464394558999 -0.0190133652654462 0.999461414921914 0.7366756
1655375879.358 0.999114083081268 0.0330083957419751 0.0261054553535882 -0.1112081 -0.0334125920485882 0.999326029347479 0.0152015052279469 -1.08952 -0.0255860837423715 -0.0160602888872473 0.999543605571856 0.7354886
1655375879.419 0.998983870323949 0.033206866607105 0.0304718040608241 -0.09351665 -0.0336629978882112 0.999326887326394 0.0145799464923169 -1.090108 -0.029967138765014 -0.0155909036517603 0.999429284300575 0.7337527
1655375879.483 0.999133871923547 0.0303784070376093 0.0284369189772631 -0.07810185 -0.0307897568899984 0.999425847996551 0.0141409061601684 -1.090639 -0.0279910136600461 -0.0150042241463271 0.999495560976661 0.7321807
1655375879.542 0.998997461538605 0.032448929275922 0.0308405387156082 -0.06061703 -0.0328679453895732 0.999372822846436 0.0131779786695145 -1.090948 -0.0303935849364755 -0.0141784323813445 0.999437442789651 0.7306124
1655375879.603 0.999016838020036 0.0340967642194862 0.0283331611757293 -0.04553845 -0.0344208616616519 0.999346549653314 0.0110307741562603 -1.091584 -0.0279385331561719 -0.0119951809397673 0.999537670125195 0.7292672
1655375879.667 0.999046078998115 0.0364560942020293 0.0240392436242288 -0.03029268 -0.0367493732399481 0.99925397839088 0.0118730887501901 -1.091772 -0.0235884633870722 -0.0127451898978269 0.999640507647377 0.7282266
1655375879.725 0.999064987615453 0.034486483034243 0.0260736075153264 -0.01307614 -0.0349320253577082 0.999247971878434 0.0168298633756813 -1.091992 -0.0254735966314702 -0.0177249311638871 0.999518345349345 0.7271753
1655375879.787 0.99908283601757 0.0356920739968947 0.0236550761759312 0.002062172 -0.0360550202783553 0.999235743588388 0.0150984849600607 -1.092124 -0.023098101389861 -0.0159375214246753 0.999606159006147 0.7268327
1655375879.851 0.999138803308007 0.035468288818801 0.0215325849008116 0.01713589 -0.0357546571219786 0.999275216678922 0.013063147606268 -1.092406 -0.0210536509502341 -0.0138217878568409 0.999682800673347 0.726751
1655375879.912 0.99888774824842 0.0378046658451381 0.0281793122616364 0.03434329 -0.0383503098984293 0.999082164830963 0.0190809236509083 -1.09265 -0.0274321003551642 -0.0201403862181142 0.999420754593924 0.7266075
1655375879.971 0.998915473126247 0.0407163391221281 0.0225844476899 0.04968951 -0.041032861764949 0.999063413730285 0.0137331569920742 -1.092909 -0.0220041315289778 -0.0146449675343522 0.999650610524284 0.7264406
1655375880.033 0.998918596375333 0.0384583236344695 0.0261265221328848 0.06686768 -0.0388951937420183 0.99910831077474 0.0164239838229528 -1.093256 -0.025471586509375 -0.0174224190074789 0.99952371537479 0.7259858
1655375880.096 0.999127614719826 0.0379061086097229 0.017525308394975 0.08202287 -0.0381892830678828 0.999140558283027 0.0161159378455998 -1.093766 -0.0168993539235147 -0.0167711575017948 0.999716529878854 0.7254464
1655375880.156 0.998995946790796 0.0359626245638665 0.0267168098776643 0.09735667 -0.0363753812705027 0.999223697709871 0.0151272460295258 -1.09417 -0.0261520540873262 -0.016083891615235 0.999528578129472 0.7250513
1655375880.217 0.999100060979136 0.0314397091409889 0.0284712634180001 0.1148409 -0.0317538223970732 0.999438995368384 0.0106484412103973 -1.094698 -0.0281205070128948 -0.0115429297046361 0.999537892157757 0.7246716
1655375880.28 0.999137601447375 0.0333566840252724 0.0247262007762054 0.1303155 -0.0336700033238291 0.999356507971919 0.0123653083400923 -1.095319 -0.0242978239799456 -0.0131871757783975 0.99961778402789 0.7243422
1655375880.342 0.99924839875849 0.0308498002413908 0.0234718427836418 0.1457022 -0.0310304026000225 0.999491273444373 0.00736942487754239 -1.095471 -0.0232325567485421 -0.00809222673999606 0.999697336283995 0.7239994
1655375880.401 0.999161330941925 0.0294555108062946 0.0284430594961306 0.1632975 -0.0298831850095829 0.999444858215059 0.0147299233251039 -1.095642 -0.0279933921496343 -0.0155675390033448 0.999486879216199 0.7234315
1655375880.462 0.999198303601491 0.0309431700020974 0.0254021713663168 0.1788511 -0.0312821760691985 0.999425287201617 0.0130583598641306 -1.095893 -0.0249835053641015 -0.0138425262212782 0.999592021240433 0.722809
1655375880.525 0.999245340107052 0.0294011014455202 0.0253835676793416 0.1942134 -0.0298363901320959 0.999411181944306 0.0169434125420882 -1.09587 -0.0248704663853908 -0.0176879800564183 0.999534189141771 0.7222126
1655375880.585 0.999312870439867 0.0286698196970141 0.0234910283251847 0.2121236 -0.0290393178866772 0.99945743352343 0.0155420909608509 -1.096328 -0.0230326939351531 -0.0162135749697454 0.999603228784696 0.7212257
1655375880.648 0.999231569944825 0.0288032632935127 0.0265827321629216 0.2278342 -0.0292202795200314 0.999453824881422 0.0154346102855414 -1.096597 -0.0261236461921432 -0.0161995047313147 0.999527453928149 0.7201158
1655375880.708 0.999362310429898 0.0276097889079745 0.0226422624459809 0.2436446 -0.0279716331927908 0.999483477059647 0.015822983956419 -1.096692 -0.0221936979510751 -0.016446234864376 0.999618407758702 0.7192994
1655375880.769 0.999432194887621 0.0246514780354845 0.0229693807660876 0.2616662 -0.0249918334634576 0.999580298574344 0.0146504253235089 -1.097033 -0.0225985858461607 -0.0152161536759765 0.999628817404272 0.7183722
1655375880.834 0.99946938658565 0.0240800185138472 0.0219339459851244 0.2776331 -0.0243741503346987 0.999615191751256 0.0132427042389693 -1.097204 -0.0216066210585341 -0.0137702987793324 0.999671712512643 0.7174811
1655375880.895 0.999426378422273 0.0236601587273935 0.0242303735574738 0.2957681 -0.0240128648654687 0.999608361512 0.0143703137142825 -1.097714 -0.0238808801071677 -0.0149439112781327 0.999603112780777 0.7162314
1655375880.953 0.999369158559098 0.0236375565774904 0.0265056756172582 0.31164 -0.0240014037882335 0.999620850045017 0.0134940272517712 -1.097885 -0.0261766601589192 -0.0141216880833459 0.999557582327602 0.7153562
1655375881.015 0.999448243422286 0.023156806509081 0.0238111535295447 0.3275645 -0.0235039365898492 0.999619981260599 0.0144034033943459 -1.098219 -0.0234685680195217 -0.0149551120644712 0.999612710472537 0.7142124
1655375881.076 0.999229777215628 0.0262449762044826 0.0291728221060884 0.345436 -0.0266987722575458 0.999526793906048 0.015276250319927 -1.098431 -0.0287580925227498 -0.0160433627373912 0.999457644238379 0.7123387
1655375881.141 0.999464959193558 0.0229323119000475 0.0233217584057837 0.3613079 -0.0232379903037911 0.999646452440667 0.0129215296861484 -1.098506 -0.0230171925060315 -0.0134565669361856 0.999644501638174 0.7107484
1655375881.199 0.999341449915989 0.0264178965876371 0.0248749114509556 0.3771705 -0.0267186088716056 0.999572931056766 0.0118351780109844 -1.098619 -0.0245516276400187 -0.0124920069832848 0.99962051166518 0.7088724
1655375881.261 0.999327850679521 0.031837498384079 0.0181719716292108 0.3951451 -0.0321382775170703 0.999347112839578 0.0165069433098621 -1.098594 -0.0176345676013007 -0.0170798640463851 0.999698604715277 0.7070134
1655375881.322 0.999534559667696 0.0278010474621648 0.012560485257791 0.4112342 -0.0279845790867276 0.999500551365944 0.014680298107051 -1.098789 -0.0121460842761531 -0.015024965197286 0.999813344108578 0.705909
1655375881.385 0.999345792855637 0.0316554735548846 0.017490491581278 0.4299818 -0.0319133715183658 0.999383002203994 0.0146680477250097 -1.09884 -0.0170153759896605 -0.0152166323392663 0.999739431592143 0.7051406
1655375881.449 0.999364850798524 0.0313479562841523 0.0169469945787363 0.4464128 -0.0316732655921722 0.999312292542669 0.0192807214554463 -1.098799 -0.016330928790873 -0.0198052419808914 0.999670472283195 0.7050446
1655375881.507 0.999442953268468 0.0295695197985256 0.0154734178799576 0.4630502 -0.0298153391689393 0.999428881525907 0.015904600658781 -1.099245 -0.0149942893210816 -0.0163570862551614 0.99975377819591 0.7049288
1655375881.569 0.999284287405957 0.0322326979204519 0.019798134466115 0.4825856 -0.0326019535419749 0.999294949538215 0.0186203236454844 -1.099478 -0.0191839925150212 -0.0192524547054282 0.999630590477802 0.7047756
1655375881.635 0.999279843542849 0.0317309895354834 0.0208071764561852 0.4996557 -0.0320663750250955 0.999357856953604 0.0159881624287801 -1.0998 -0.0202864950577895 -0.0166438591738264 0.999655660750277 0.704723
1655375881.694 0.999131429658695 0.0348053751052975 0.0229122703360287 0.5194897 -0.0352418651898296 0.999199502385766 0.0189305406679072 -1.100372 -0.0222350445493955 -0.0197215693041134 0.99955823367029 0.7045054
1655375881.753 0.998876591934455 0.0407119476563147 0.0242505959398273 0.5369003 -0.041195003742234 0.998955626947822 0.0197642873881682 -1.101124 -0.0234206266373171 -0.0207410874187992 0.999510520975443 0.704243
1655375881.816 0.999072562027542 0.0362342487294341 0.0232614492828174 0.5543505 -0.0366910186368067 0.999136009719998 0.0195193040908839 -1.10205 -0.0225340842972838 -0.020354687416229 0.999538844540356 0.7039573
1655375881.877 0.999078782735576 0.038000664476473 0.019938289468936 0.574265 -0.0383442154704112 0.999117565560053 0.0171409255675346 -1.103374 -0.0192693286743269 -0.0178896531184819 0.999654266876174 0.7035996
1655375881.938 0.999198168984094 0.0371458520032871 0.0149400394171077 0.5917414 -0.0373346549924552 0.999223840787226 0.0125634206734886 -1.104359 -0.0144617646028825 -0.0131111281503381 0.999809459688793 0.7035436
1655375881.999 0.999202090234911 0.0327439527363395 0.0228695524526625 0.6095646 -0.0329743570059574 0.999408432311158 0.00977124379987646 -1.105368 -0.0225360744192148 -0.010517556016172 0.999690705351019 0.7033268
1655375882.061 0.999306721658166 0.0322642627688249 0.018576689608043 0.6298722 -0.0324109957208777 0.999445329040454 0.00765255614809107 -1.106849 -0.0183194815753778 -0.00824933980404829 0.999798152122521 0.7033372
1655375882.124 0.999338963296399 0.0295565373532182 0.0211671334234271 0.6476318 -0.0297747918848549 0.999505895282736 0.0100711004001619 -1.107528 -0.0208590077877863 -0.0106946900256332 0.999725224949018 0.703245
1655375882.184 0.999181720837547 0.0354472905063273 0.0194776369172196 0.6678937 -0.0356193233429951 0.999328791711685 0.00855744475010536 -1.108713 -0.0191612251358351 -0.0092442226186944 0.999773670287165 0.7028493
1655375882.249 0.999296498137287 0.0304896597984261 0.0218377987885778 0.685697 -0.0307725939744621 0.999445223634339 0.012739404012331 -1.109637 -0.0214372635995611 -0.0134024475332954 0.999680357979229 0.7023876
1655375882.308 0.999206874450309 0.0316521462565696 0.0241612021347494 0.7031099 -0.031982318852306 0.999398558510373 0.0134034521007936 -1.110781 -0.0237224225591091 -0.014165552751007 0.999618219013232 0.7016202
1655375882.37 0.999254585380851 0.0324232400427957 0.0209524962825502 0.7234448 -0.0326611670962228 0.9994046772606 0.0111148204460777 -1.111632 -0.0205796442937103 -0.0117908682785954 0.999718687264563 0.7007688
1655375882.433 0.999130228219457 0.031949441944631 0.0267958992676464 0.7410347 -0.0323186958386902 0.999386948164887 0.0134621594463633 -1.112541 -0.0263493635107459 -0.0143164589581269 0.999550273895955 0.6998438
1655375882.494 0.99939661472216 0.0301216441238541 0.0172943064955735 0.7585313 -0.0302505389844994 0.999516123857695 0.00724037565576463 -1.113266 -0.0170678461744366 -0.00775916901254213 0.999824226513441 0.6991012
1655375882.554 0.999264329651579 0.0307712393770321 0.0228895240925246 0.778479 -0.0310962527288824 0.999418603071023 0.0139813769631742 -1.114195 -0.0224459918961571 -0.0146828697047373 0.999640230675532 0.6982443
1655375882.617 0.999355824835168 0.0283486090157221 0.0220066293396821 0.795861 -0.028512637683028 0.999567674526848 0.00717589947988081 -1.114752 -0.0217936885445491 -0.00779874399263759 0.999732071473032 0.6975453
1655375882.677 0.999322858989951 0.0313408146799657 0.0192763283679138 0.815667 -0.031543087574851 0.999449523160268 0.0102802860348829 -1.11539 -0.0189435246561159 -0.0108813597454444 0.999761340962779 0.6969216
1655375882.737 0.999357961804568 0.0301889832125254 0.0192948042335876 0.8330872 -0.0304139154399565 0.999471548650761 0.0114724533235466 -1.115703 -0.0189382661674661 -0.0120519181147084 0.999748014923924 0.696576
1655375882.798 0.999137765031165 0.0329312237466739 0.025283611116174 0.8506136 -0.0333642679968249 0.999300347138918 0.0169009416623435 -1.116353 -0.024709352673906 -0.0177299382566435 0.999537441609794 0.6964885
1655375882.86 0.999280902251544 0.0324043247245875 0.0196885279917681 0.8705698 -0.0326208567947313 0.99940968277368 0.0107780183795822 -1.116698 -0.0193276511070741 -0.0114125245829512 0.999748066357383 0.69651
1655375882.925 0.999299315420063 0.031760524994378 0.0198027082257512 0.887972 -0.0319482537432484 0.999446843248928 0.00923669868028435 -1.117087 -0.0194983918247059 -0.00986288861514937 0.999761239568936 0.6967928
1655375882.982 0.999236283174813 0.0287618315113174 0.0264500932909497 0.9052393 -0.0291477054861092 0.999472524925092 0.0143207257063639 -1.117209 -0.0260242512261234 -0.0150807482565177 0.999547552335627 0.6970676
1655375883.045 0.999280525665886 0.0304013956708186 0.0226756734448577 0.9250738 -0.0307251351594247 0.99942886850389 0.0140677955085136 -1.117847 -0.0222350420360873 -0.0147543872221319 0.999643892075249 0.6971309
1655375883.108 0.999257196763063 0.0327168184506081 0.0203633127878303 0.9426296 -0.0329466884576264 0.999395945329504 0.0110571324774366 -1.118027 -0.0199892580377854 -0.011719822926027 0.999731501611148 0.6973308
1655375883.167 0.999228041105042 0.0293318732135257 0.0261335623894925 0.9627683 -0.0298086262056599 0.999392745647526 0.0180439948689492 -1.118089 -0.0255884285002243 -0.0188090712393003 0.999495598372501 0.6972028
1655375883.231 0.999369849204712 0.0295859469717225 0.0196106155522539 0.9799241 -0.0298465069822361 0.999468255191526 0.0131298471188804 -1.118261 -0.019211728748637 -0.0137068817092827 0.99972147664852 0.696847
1655375883.293 0.99919020275763 0.0294120880684942 0.0274566529026717 0.9972864 -0.0299049811204647 0.999395717577986 0.0177169915890678 -1.118901 -0.0269189676130288 -0.0185237351048214 0.999465977620257 0.6961941
1655375883.352 0.999281118201553 0.0297493179831101 0.0234994656405799 1.017016 -0.0300913960890592 0.999444284309227 0.0143398201881619 -1.118962 -0.0230598067482004 -0.0150366432809075 0.999621000515485 0.6954588
1655375883.414 0.999224541353038 0.0288259259287074 0.0268212966160099 1.033835 -0.02943264643084 0.999313321293764 0.0225078921470636 -1.11904 -0.0261540681709075 -0.023279859947589 0.999386818423643 0.6943002
1655375883.477 0.999136500739014 0.0292204212752583 0.0295367545863734 1.050835 -0.0298039170675399 0.999365312816619 0.0195114854988697 -1.119588 -0.0289478741608157 -0.0203749483296972 0.999373244619913 0.6930231
1655375883.535 0.999255838979767 0.0270468282959853 0.0274997698893796 1.069917 -0.0276168793354603 0.999407014641112 0.0205651905391176 -1.120326 -0.0269272397510767 -0.0213093445527327 0.999410243890926 0.6917004
1655375883.597 0.999089787726076 0.0243204069162623 0.0350444556084336 1.086344 -0.0252892432051274 0.999302599117043 0.0274730700147345 -1.121101 -0.0343518593321522 -0.0283343114500777 0.999008066311316 0.6907607
1655375883.658 0.999252779062222 0.0265088071320137 0.0281276853093796 1.104851 -0.027114406133567 0.999403847924769 0.0213718911935505 -1.122505 -0.0275443735897147 -0.0221185871520464 0.999375843006998 0.6906809
1655375883.719 0.999432904830653 0.0230451580360762 0.0245517704627357 1.121071 -0.0234709805771104 0.99957656087423 0.0171991866550733 -1.123824 -0.0241450163079567 -0.0177656872070691 0.999550598291827 0.6908801
1655375883.782 0.999555563351949 0.0237456040588768 0.0180228205353047 1.136824 -0.0239139100971497 0.99967186214587 0.00918111854159384 -1.125204 -0.0177988953599426 -0.0096080342260222 0.999795421574973 0.6912355
1655375883.844 0.999670072534474 0.0185292516341111 0.0177879991229842 1.155114 -0.0185897551517318 0.999821939205224 0.003242049861406 -1.126547 -0.0177247590200305 -0.00357165476844761 0.999836524737868 0.6913579
1655375883.904 0.999682543182527 0.0139667835404903 0.0209700217846519 1.171149 -0.0141885402696422 0.999844586531243 0.0104636565876777 -1.12778 -0.0208206191342243 -0.010757868827105 0.999725347321536 0.6910605
1655375883.967 0.999636063161003 0.0177084196674889 0.0203507518497895 1.187139 -0.0179115783837808 0.999791110631347 0.00984431116630898 -1.128748 -0.0201721736006136 -0.0102052425457474 0.999744435561814 0.6904586
1655375884.027 0.999620169371846 0.02157978106356 0.0171414711810388 1.205213 -0.0217165166458088 0.99973349720022 0.00783118641009867 -1.129536 -0.0169679076427789 -0.00820046492988201 0.999822405472672 0.6891878
1655375884.09 0.999496332327151 0.0216557438436366 0.0231972072274037 1.221438 -0.0218762953131341 0.999717461954059 0.00929644918810769 -1.130298 -0.0229893316115294 -0.00979923582292602 0.99968768403404 0.6876769
1655375884.151 0.999620123268482 0.023646178930842 0.014158650312666 1.237472 -0.0237947807717153 0.999662552470095 0.0104206332341202 -1.130929 -0.0139074643530645 -0.0107535766582402 0.99984545957079 0.6859189
1655375884.212 0.999476433230154 0.0255445510712548 0.0198578782375475 1.256044 -0.0257947318728107 0.999589778226773 0.0124461669666034 -1.131634 -0.0195318003558046 -0.0129518792118682 0.99972534108111 0.6841843
1655375884.272 0.999503693512194 0.0265395637320596 0.0169710993277797 1.272499 -0.0267626885911006 0.999556522580674 0.0130582030082934 -1.13216 -0.0166170140174819 -0.0135059143837793 0.999770706273094 0.6828101
1655375884.336 0.999468393198551 0.0266503041939043 0.0187801033937196 1.291207 -0.0268888063778574 0.99955947544159 0.0125637234332348 -1.133032 -0.0184370032456614 -0.013062019036316 0.999744697695374 0.6813436
1655375884.399 0.999485836733004 0.0261036052960431 0.0186189140573546 1.307634 -0.0264072227735541 0.999519152450026 0.0162518451558154 -1.133405 -0.0181857294468672 -0.0167351628653296 0.999694560137423 0.6801421
1655375884.459 0.999449571970787 0.0260008477900822 0.020603616226458 1.324041 -0.0263279997481748 0.999528969670756 0.0157694393742452 -1.134018 -0.0201838925054185 -0.0163032114356304 0.999663351223908 0.6789926
1655375884.52 0.999636011196761 0.0218116466558186 0.0158775687304987 1.34279 -0.0219937582655866 0.999693259248654 0.0113869227694923 -1.13535 -0.0156243308971915 -0.0117319854656046 0.999809102179536 0.6779075
1655375884.584 0.999646219178987 0.0227533364140062 0.0137739668646078 1.359292 -0.0229232594148261 0.999661474043278 0.0123069692216011 -1.136007 -0.0134892794083612 -0.0126183594675343 0.999829393619427 0.6771988
1655375884.642 0.999530901341587 0.0208340487899065 0.0224481552537067 1.375819 -0.02119146162473 0.999650529239812 0.0158032067875737 -1.136592 -0.0221110654985761 -0.0162715027450759 0.999623098463083 0.6767219
1655375884.702 0.999498322791381 0.0213040461091079 0.0234358775512559 1.39488 -0.0216069354632972 0.999685268075461 0.0127477501065714 -1.137672 -0.0231569228763531 -0.0132477323446575 0.999644063910061 0.676451
1655375884.764 0.999375018208372 0.0302112902231384 0.0183534989598392 1.411525 -0.0304521031124092 0.999451864818202 0.0129861205696554 -1.138154 -0.0179511113039477 -0.013536907123554 0.999747222926116 0.6762122
1655375884.825 0.99935058089695 0.0252654107544643 0.0256919341494168 1.430281 -0.0256430637028205 0.999566322521134 0.0144775745727111 -1.138895 -0.0253150102678798 -0.0151269924632599 0.999565067593978 0.6757524
1655375884.89 0.999507177559746 0.0252844091404884 0.0186037808244949 1.446785 -0.0255620123317242 0.99956310572775 0.0148385037469325 -1.139523 -0.0182204701394403 -0.0153067410741587 0.999716818977047 0.67558
1655375884.949 0.999441347012627 0.0250639596648178 0.0221086364913261 1.463322 -0.0253508634610141 0.999596747739403 0.0127935777087213 -1.140123 -0.0217790634180221 -0.0133469035633159 0.999673713049366 0.6749218
1655375885.01 0.99934582333461 0.0253732759567647 0.0257705694716417 1.481505 -0.0256704134449131 0.99960698270854 0.0112654335866835 -1.140755 -0.025474600237061 -0.0119196051759534 0.999604405630153 0.674121
