0 0 0 0 0 0 0 0 0 0 0 0 0
1655450929.14 0.999998867568194 0.00133162757936716 0.000701163546937654 -1.085492 -0.00133322404659857 0.999996508949798 0.00228135965111543 -0.8959365 -0.000698123177710631 -0.00228229187573257 0.999997151879855 0.1767415
1655450929.212 0.999998818693738 0.00133448877176894 0.000762725931679668 -1.085492 -0.00133616347339277 0.999996688639953 0.00219940362412513 -0.895961 -0.000759788326578508 -0.00220042015248598 0.999997290432755 0.1767446
1655450929.273 0.999998851168963 0.00128775851411741 0.00079958662019667 -1.085462 -0.00128962935669571 0.999996422022998 0.00234367176124356 -0.8959471 -0.000796565676029294 -0.00234470023913933 0.999996933927256 0.1767315
1655450929.354 0.999998958981122 0.00125390342811588 0.000713976796126934 -1.085499 -0.00125550678325635 0.999996681347039 0.00224966611413994 -0.8959463 -0.00071115356263309 -0.00225056017490567 0.999997214615876 0.1767451
1655450929.424 0.999998853707014 0.00138074147300129 0.000621399744004024 -1.085493 -0.00138216076545526 0.99999642408559 0.00228942081138554 -0.8959686 -0.000618236423668292 -0.00229027706138435 0.999997186203395 0.1767297
1655450929.484 0.999998713420513 0.00154048197932456 0.000447294747210001 -1.085477 -0.00154145397638624 0.999996433779142 0.00218090546260642 -0.8959554 -0.000443933506494388 -0.0021815921409649 0.999997521786315 0.1767328
1655450929.548 0.999998849161103 0.00127726820528428 0.000818695548734601 -1.085482 -0.001279175972658 0.999996458116404 0.00233398017921903 -0.8959572 -0.000815711530335587 -0.00233502474885871 0.999996941132382 0.176734
1655450929.61 0.999998826222973 0.0014331933319014 0.000541765216312803 -1.085464 -0.00143448276431338 0.999996121738022 0.00238720927319126 -0.8959444 -0.000538341782793173 -0.00238798362400497 0.99999700385668 0.1767341
1655450929.667 0.999998714236054 0.00152999236677119 0.000480259924825858 -1.085495 -0.00153096401888834 0.999996768888981 0.00202937447748439 -0.8959595 -0.000477153445592852 -0.00203010712885248 0.999997825492453 0.1767353
1655450929.732 0.999999167017903 0.0011809477892085 0.0005208894491269 -1.085459 -0.00118207227923418 0.999996960355771 0.00216378934850967 -0.8959445 -0.000518332543560857 -0.00216440327509024 0.999997523341852 0.1767391
1655450929.794 0.999998565139201 0.00140935271567035 0.000939917263016468 -1.085485 -0.00141115808613816 0.99999715556563 0.00192288676334503 -0.8959316 -0.000937204563801653 -0.0019242103761162 0.999997709528394 0.1767398
1655450929.852 0.999999065015842 0.00122767738509956 0.000602308624328461 -1.085472 -0.00122901288543237 0.999996776192991 0.00222196556073993 -0.8959404 -0.000599578825732306 -0.00222270372829764 0.999997350043173 0.176752
1655450929.914 0.999998951073528 0.00134736297926822 0.000531474219760371 -1.085475 -0.00134860071637499 0.999996363508822 0.00233543255950681 -0.8959433 -0.000528325611687803 -0.00233614685632328 0.999997131640843 0.1767473
1655450929.974 0.99999895708775 0.00116759528146821 0.000850026276975704 -1.085475 -0.00116976734408995 0.999996040826817 0.00255929190413576 -0.8959541 -0.000847034694423295 -0.00256028356799931 0.999996363733528 0.176737
1655450930.037 0.999998894808887 0.00138264887991853 0.000546500758073024 -1.085474 -0.00138393448841833 0.999996259676662 0.00235910110376495 -0.89595 -0.000543236905484749 -0.00235985481775442 0.999997067985153 0.1767342
1655450930.097 0.999998834280317 0.00142651808302955 0.000544503595316573 -1.085498 -0.0014277253038577 0.999996509503948 0.00222319148451803 -0.8959677 -0.000541330271874221 -0.00222396629446103 0.999997380464298 0.1767357
1655450930.162 0.999998652013523 0.00130540147121519 0.000995940829825929 -1.085464 -0.00130777129218517 0.999996306586436 0.00238255067812068 -0.8959482 -0.000992826966244096 -0.00238384992930054 0.999996665771506 0.1767346
1655450930.22 0.99999897093384 0.00127202233404857 0.000663393128433236 -1.085497 -0.00127372623879347 0.999995875027626 0.00257440268841543 -0.8959569 -0.000660115694238409 -0.00257524502041906 0.999996466173934 0.1767298
1655450930.282 0.999999035785993 0.00128108197932999 0.000535962728269439 -1.085464 -0.00128245504699163 0.999995876686216 0.00256942009373498 -0.8959543 -0.000532668880547521 -0.00257010496437001 0.999996555406235 0.1767371
1655450930.345 0.999998756416916 0.00134784071857989 0.000818834548582271 -1.085493 -0.00134953645051651 0.999996938843797 0.00207389835936357 -0.8959492 -0.000816036757346867 -0.0020750008273689 0.999997514224699 0.1767377
1655450930.404 0.999999054761215 0.00122243192802533 0.000629394040798149 -1.085469 -0.00122392164634351 0.99999643783496 0.00237198929045589 -0.8959546 -0.000626492203351113 -0.00237275737735022 0.99999698876044 0.1767372
1655450930.47 0.999998971990982 0.00122195533871009 0.000750228051965701 -1.085459 -0.00122368633634534 0.999996580494777 0.002311188115099 -0.8959359 -0.00074740131790095 -0.00231210378299311 0.999997047779326 0.1767236
1655450930.531 0.999998846530326 0.00138884816663796 0.000614848589435071 -1.085479 -0.00139018856651576 0.999996646535556 0.0021850156501551 -0.8959648 -0.000611811872582395 -0.00218586788528498 0.999997423830592 0.1767369
1655450930.589 0.999998991569454 0.00135785380917171 0.000416044599481403 -1.085466 -0.00135877632904452 0.999996601194928 0.00222515740577094 -0.8959471 -0.000413021746967475 -0.00222572047340784 0.999997437787423 0.1767406
1655450930.651 0.999998912059419 0.0012939579448332 0.00070820393640005 -1.085488 -0.00129550787614678 0.999996757356373 0.00219247259533784 -0.8959494 -0.000705364672613502 -0.00219338769383546 0.999997345752029 0.176749
1655450930.713 0.999998938709763 0.00138217187022385 0.000460630295574052 -1.085467 -0.00138323633452117 0.999996355285945 0.00231863582054531 -0.8959397 -0.000457423863499889 -0.00231927052036137 0.999997205869928 0.1767438
1655450930.773 0.999998592188691 0.00141125928862622 0.000907726752247001 -1.085495 -0.0014132766221076 0.99999652464188 0.00222561302836487 -0.8959471 -0.000904582680512294 -0.00222689276411989 0.999997111335224 0.1767436
1655450930.837 0.999999088346428 0.00123769065090502 0.000539840871324409 -1.085467 -0.00123900006528386 0.999996275111016 0.00243200389229455 -0.8959583 -0.000536828791996637 -0.00243267053802433 0.999996896959636 0.1767471
1655450930.897 0.999998890459127 0.00143319354037977 0.000406247203239889 -1.085501 -0.00143413428775332 0.999996268931643 0.00232494766358496 -0.8959633 -0.000402913587530633 -0.00232552769700397 0.999997214786907 0.1767345
1655450930.958 0.999998891034808 0.0013225668837932 0.000684650270331513 -1.08548 -0.00132427537444454 0.999995995610271 0.00250101142655812 -0.8959532 -0.000681339773836248 -0.0025019153185166 0.999996638092275 0.1767361
1655450931.018 0.999998788647844 0.00126057870438369 0.000913041167693763 -1.085473 -0.0012627630161755 0.999996332934744 0.00239573509154886 -0.8959427 -0.000910017806874469 -0.0023968851440888 0.999996713399198 0.1767329
1655450931.079 0.99999861049493 0.0012429359674853 0.00111090881251833 -1.085486 -0.0012455408044331 0.999996469699324 0.00234717212685743 -0.8959482 -0.00110798750601785 -0.00234855254770585 0.999996628326625 0.1767245
1655450931.14 0.999998818573767 0.00148516838762494 0.000396391133641791 -1.085469 -0.0014860790208115 0.999996234680441 0.0023069880978286 -0.8959651 -0.00039296337530898 -0.00230757444084008 0.99999726033624 0.1767225
1655450931.202 0.999998707968089 0.0013440260704465 0.000881848102226689 -1.085491 -0.0013458459677456 0.999996959353774 0.00206639343709996 -0.8959503 -0.000879068134187324 -0.00206757759896624 0.999997476177859 0.1767397
1655450931.263 0.999998821812918 0.00142270254982342 0.000576446208377597 -1.085469 -0.00142408923508042 0.999996076262161 0.00241234950474363 -0.8959586 -0.000573011890762333 -0.00241316757338456 0.999996924135087 0.1767356
1655450931.325 0.999998653932124 0.00133973341370762 0.000947231925468897 -1.085487 -0.00134198290797887 0.999996271676962 0.00237817452045828 -0.895944 -0.000944042274013601 -0.00237944248832783 0.999996723513447 0.176733
1655450931.39 0.99999893291333 0.00142127231146118 0.00033787160003329 -1.08547 -0.00142206701082577 0.999996195583112 0.00236358725664749 -0.8959619 -0.000334511013505273 -0.00236406521055134 0.999997149644969 0.1767329
1655450931.447 0.999998727745994 0.00140315289325825 0.000758728114269592 -1.085476 -0.00140485753576597 0.999996479985623 0.00225086464878105 -0.8959432 -0.000755567136291452 -0.00225192769001842 0.999997178966012 0.1767381
1655450931.508 0.99999889854591 0.00136786703792037 0.000576061397595189 -1.085479 -0.00136915822369 0.999996538180478 0.00224700530000695 -0.8959722 -0.000572985798890685 -0.00224779154423364 0.999997309556605 0.1767389
1655450931.571 0.999998820149288 0.0014527447120629 0.000499232243963764 -1.085473 -0.00145378948144515 0.999996740760624 0.00209880067471566 -0.8959475 -0.000496181595264509 -0.00209952397702926 0.999997672898739 0.1767293
1655450931.631 0.999998800436047 0.00144511504919721 0.000557466555849555 -1.085495 -0.00144624263221866 0.999996898565784 0.00202761955551015 -0.8959595 -0.00055453468336999 -0.00202842335514993 0.999997788992544 0.1767429
1655450931.693 0.999999028977707 0.00129395786328991 0.000517413462708553 -1.085468 -0.0012951137721824 0.999996652636295 0.0022399545803634 -0.8959498 -0.000514513323894834 -0.00224062251461903 0.999997357439902 0.1767372
1655450931.756 0.999998662257822 0.00127917589783277 0.00101940746923919 -1.085487 -0.00128148234159605 0.999996613553493 0.0022651014444531 -0.8959451 -0.00101650655389644 -0.00226640476700208 0.999996915057171 0.1767375
1655450931.815 0.999999005538376 0.00129109680807662 0.000567442765275459 -1.085472 -0.00129235820720131 0.999996682378269 0.0022282375813931 -0.8959517 -0.000564564012286037 -0.00222896870481115 0.9999973564795 0.1767421
1655450931.877 0.999998867700198 0.00133162746312755 0.00070097547803146 -1.085496 -0.00133324355137743 0.999996442970493 0.00231008830894151 -0.895949 -0.000697896807606564 -0.00231102026426474 0.999997086058447 0.176736
1655450931.94 0.999998969916153 0.00131970619595421 0.000564395420091636 -1.085479 -0.00132104241188417 0.999996310109615 0.0023737342101363 -0.8959594 -0.000561260705789737 -0.00237447735527804 0.999997023417425 0.1767383
1655450932.002 0.999998719912985 0.00141316693528914 0.000750420952099668 -1.085477 -0.00141477346780532 0.999996699453875 0.00214464388445412 -0.8959413 -0.000747387735475222 -0.00214570281477605 0.99999741868217 0.1767188
1655450932.064 0.999998980814406 0.00130540178401752 0.000578183648558664 -1.085479 -0.00130666773940719 0.999996738170509 0.0021945996811479 -0.8959554 -0.000575316928283214 -0.00219535293836455 0.999997424714638 0.1767374
1655450932.124 0.999998621515064 0.0014374852743569 0.000831025906181706 -1.085459 -0.00143931349645024 0.999996536339922 0.00220356184820195 -0.8959421 -0.000827855440082525 -0.00220475491742781 0.999997226851717 0.1767275
1655450932.187 0.999998759812367 0.00147849338866785 0.000542614989829575 -1.085495 -0.00147961986548658 0.99999673899741 0.00208151858022395 -0.8959659 -0.000539535708901437 -0.00208231886266862 0.99999768642201 0.1767329
1655450932.246 0.999999019576608 0.00136023780222764 0.000332564196705575 -1.085465 -0.00136097474098106 0.999996596692674 0.00222583710622881 -0.8959502 -0.000329535397113915 -0.00222628753543751 0.999997467521909 0.1767403
1655450932.309 0.999998926475375 0.00134259480386745 0.000586930395864577 -1.085495 -0.00134390392664161 0.999996597595912 0.002235781481924 -0.8959447 -0.000583926650289985 -0.00223656785982119 0.999997328393369 0.1767395
1655450932.369 0.999999190903636 0.00123435279891763 0.000307514618426465 -1.085471 -0.00123507390890623 0.999996462126999 0.00235591297068556 -0.8959568 -0.000304605502709427 -0.00235629086780676 0.999997177550434 0.1767481
1655450932.432 0.999998709324965 0.00134736300279097 0.000875192175185084 -1.085477 -0.00134941744641813 0.999996325725551 0.00235108654710228 -0.8959434 -0.000872021192458912 -0.00235226451220373 0.999996853210401 0.1767274
1655450932.495 0.999998769701474 0.00145846564201862 0.000577471652569233 -1.085485 -0.00145978716782002 0.99999630168183 0.00229469912761747 -0.8959671 -0.000574122777058928 -0.00229553929016072 0.999997200437283 0.1767414
1655450932.555 0.999998780764409 0.00144654530065941 0.000588197576423928 -1.085475 -0.00144782107589904 0.999996588008923 0.00217434694661939 -0.8959518 -0.000585050278141411 -0.00217519590042614 0.999997463116265 0.1767347
1655450932.615 0.999998954417706 0.0012400753705923 0.000743892848335049 -1.085493 -0.00124173482868807 0.999996732597863 0.00223447716759171 -0.8959581 -0.000741119497636285 -0.00223539854892054 0.999997226863764 0.17674
1655450932.676 0.999998889020864 0.00144606768830808 0.000361725418157833 -1.085468 -0.00144691305835485 0.999996197113141 0.00234780788335889 -0.8959535 -0.000358328953438514 -0.00234832866022439 0.999997178472452 0.1767378
1655450932.737 0.999998772794706 0.00134879418270358 0.000796971350825118 -1.085498 -0.00135053768750945 0.999996687362146 0.00219118978834157 -0.8959516 -0.000794013246707939 -0.00219226343914702 0.999997281758294 0.1767433
1655450932.801 0.999998894152945 0.00120431214587141 0.000872539478467131 -1.085461 -0.00120642728727016 0.999996325483995 0.00242766383782457 -0.8959454 -0.000869612607260867 -0.00242871380863571 0.999996672556039 0.1767374
1655450932.86 0.999998740667561 0.00141936527022581 0.000709975718945161 -1.0855 -0.00142099724381864 0.999996337471509 0.00230343447951942 -0.8959537 -0.000706703703736391 -0.00230444045226946 0.999997095057819 0.1767387
1655450932.921 0.999998895865987 0.00136977310378565 0.000576184390362288 -1.085467 -0.00137129352087283 0.999995557250626 0.00264670230480679 -0.8959606 -0.000572556448888596 -0.00264748950041409 0.9999963314825 0.1767326
1655450932.985 0.999998605685741 0.00142508724454674 0.00087049004571234 -1.085481 -0.00142709492322648 0.999996313349597 0.00231012711668235 -0.8959438 -0.000867194703832597 -0.00231136616756412 0.99999695277525 0.1767358
1655450933.046 0.999998822792673 0.00125533307089866 0.000882356022078213 -1.085476 -0.00125754604964456 0.999996054285445 0.00251196964035854 -0.8959657 -0.000879199181990579 -0.00251307628657942 0.999996455721907 0.1767277
1655450933.107 0.999998889503781 0.00132256734742989 0.000686881951526182 -1.085463 -0.00132416053113809 0.999996422360967 0.00232419107526376 -0.8959386 -0.00068380559488517 -0.00232509803622812 0.999997063160203 0.1767255
1655450933.169 0.999998997214777 0.00135117820748406 0.000424130748814322 -1.085498 -0.00135209363737554 0.999996741107409 0.00216555243678163 -0.8959606 -0.000421203319358024 -0.00216612372968454 0.999997565244912 0.1767431
1655450933.228 0.999999058562001 0.00125676387925277 0.000550835423721138 -1.085462 -0.00125811444203924 0.999996186715119 0.00245839444977963 -0.8959481 -0.000547743701883307 -0.00245908514935545 0.999996826433497 0.176741
1655450933.291 0.999998435137532 0.00133591935377996 0.00115975944403592 -1.085487 -0.00133853494561804 0.999996556117851 0.00225744914366781 -0.895947 -0.00115673967995988 -0.00225899798961473 0.999996779435512 0.1767273
1655450933.353 0.999998961570728 0.00139027779142425 0.000379453724224643 -1.085474 -0.00139120169645476 0.999996041977741 0.00244552380739227 -0.8959561 -0.000376052264900539 -0.00244604916455363 0.9999969377094 0.1767363
1655450933.414 0.999998822409756 0.00137645012509228 0.000678648770847326 -1.085481 -0.00137796417320406 0.999996551698283 0.00223557739307555 -0.89595 -0.000675569269879252 -0.00223650991417384 0.999997270811058 0.1767387
1655450933.477 0.999998807512581 0.00114613859572848 0.0010350554264665 -1.085466 -0.00114854620531421 0.999996629511993 0.00232847724246345 -0.8959514 -0.00103238318018773 -0.00232966327476599 0.999996753421728 0.1767304
1655450933.536 0.999998735804322 0.00141173644522621 0.000731703468965535 -1.085472 -0.00141330515746495 0.999996694641525 0.00214785347637342 -0.8959479 -0.000728668847391671 -0.00214888488135276 0.999997425664425 0.1767413
1655450933.6 0.999998880693755 0.00134497869699807 0.000655471998827766 -1.08548 -0.0013465447587521 0.999996226211828 0.00239465640878253 -0.8959635 -0.000652248763358847 -0.00239553635081319 0.999996917983822 0.1767298
1655450933.661 0.999998829503931 0.0013793112763047 0.000662186658510479 -1.085466 -0.00138070093271809 0.999996836076155 0.00210273693425076 -0.8959504 -0.000659284234637805 -0.00210364875474248 0.999997570000155 0.1767297
1655450933.721 0.999999054051974 0.00123292269977275 0.000609751403732042 -1.085499 -0.00123429191753572 0.999996706377819 0.00225027931074788 -0.8959442 -0.000606974974998243 -0.00225102979332994 0.999997282219431 0.1767387
1655450933.782 0.999999052857928 0.00131112369550499 0.000418614263760147 -1.085462 -0.0013120589409004 0.999996626538501 0.00224174328429474 -0.8959514 -0.000415673648841767 -0.00224229040763292 0.999997399671192 0.176749
1655450933.845 0.999998864826483 0.00142079549352675 0.000501683077219609 -1.085495 -0.00142195477169543 0.999996302378653 0.0023180322794151 -0.8959422 -0.000498387772369111 -0.00231874301869178 0.999997187516266 0.1767352
1655450933.908 0.999999066421405 0.00126630087139923 0.000513457321352433 -1.08547 -0.00126750009697182 0.999996454163629 0.00234202981886661 -0.8959557 -0.000510489786316314 -0.0023426784396023 0.999997125624822 0.1767438
1655450933.967 0.999998898417697 0.00135880747412597 0.000597332103046247 -1.08548 -0.00136010964691608 0.999996687916957 0.00218500729147082 -0.8959423 -0.000594361120394047 -0.00218581732166122 0.999997434465456 0.1767389
1655450934.028 0.999999010090287 0.0012825133901437 0.000578772709988548 -1.085483 -0.00128383739416055 0.999996546807383 0.00229306233104706 -0.8959604 -0.000575829828230897 -0.00229380311117019 0.999997203439738 0.1767382
1655450934.09 0.999998647172349 0.00142461139751086 0.000822274794807061 -1.085475 -0.00142630336647667 0.999996859452325 0.00206076301242689 -0.8959455 -0.000819336425938794 -0.0020619330378777 0.999997538556955 0.1767276
1655450934.153 0.999998915180392 0.00125628779298503 0.000769011716930562 -1.085496 -0.00125797833333809 0.999996784764334 0.00220180641925102 -0.8959507 -0.000766243141849641 -0.00220277143076622 0.999997280331037 0.176734
1655450934.214 0.999998751368088 0.00125294972599572 0.000963005321266712 -1.085453 -0.00125518293415991 0.999996516634001 0.00232190345766387 -0.8959374 -0.00096009273846565 -0.00232310930630588 0.999996840687552 0.1767312
1655450934.274 0.999998768965714 0.00131303160417825 0.000859078030603939 -1.085497 -0.00131484735474824 0.999996895873371 0.00211646404564768 -0.8959461 -0.000856296379735905 -0.00211759099668393 0.999997391279038 0.1767428
1655450934.335 0.999998936468983 0.00121289550192077 0.000809904565036774 -1.085456 -0.00121474511875538 0.999996646610306 0.00228717346061184 -0.8959456 -0.000807127746708664 -0.00228815485574896 0.999997056441746 0.1767328
1655450934.396 0.999998797106101 0.00141030590275088 0.000645618782696344 -1.085487 -0.00141171137496075 0.99999662365869 0.00218168334424737 -0.895945 -0.000642539761968652 -0.00218259214729321 0.999997411713737 0.1767322
1655450934.457 0.999998883832925 0.00136405196842328 0.000609668050377107 -1.085472 -0.00136552831990046 0.999996120684407 0.0024277455684103 -0.8959569 -0.000606354114160911 -0.00242857537762916 0.999996867173254 0.1767348
1655450934.519 0.999998749644802 0.00127583768257338 0.000934316349719727 -1.08548 -0.00127796008332325 0.999996596624724 0.00227454544802104 -0.8959437 -0.000931411219097251 -0.00227573662303145 0.999996976743412 0.1767323
1655450934.582 0.999998970856053 0.00118428518606123 0.000809787276638495 -1.085481 -0.00118618951476329 0.999996522944685 0.0023552182436322 -0.8959557 -0.000806995210887466 -0.00235617638095034 0.999996898590986 0.1767319
1655450934.642 0.999998908299583 0.00130110980308243 0.00070036627680188 -1.085461 -0.00130273737038565 0.999996440563494 0.00232846208624812 -0.8959418 -0.000697334199046064 -0.00232937193758684 0.999997043871326 0.1767382
1655450934.703 0.999998840135571 0.00137311228694641 0.000659006949311554 -1.085503 -0.00137456883044962 0.999996602450997 0.0022148695207638 -0.895962 -0.000655963445750206 -0.002215772802227 0.999997330027859 0.1767362
1655450934.764 0.999998917514046 0.00134688586371319 0.000592342135781926 -1.085457 -0.00134828647761529 0.999996281355888 0.00237052693923834 -0.895944 -0.000589147103848319 -0.00237132302006802 0.999997014861957 0.1767342
1655450934.826 0.999998687120716 0.00153523649172034 0.000518464809338955 -1.085503 -0.00153641636305217 0.999996213607648 0.00228302324285004 -0.895946 -0.000514957865633897 -0.00228381682333286 0.999997259495802 0.1767447
1655450934.887 0.999998791400476 0.00136595965788351 0.00074253067303056 -1.085463 -0.00136771201839279 0.999996268957689 0.00236462143617729 -0.8959573 -0.000739297925129217 -0.00236563414642248 0.999996928602115 0.1767313
1655450934.949 0.999998761998423 0.00129014351741059 0.000900850334828896 -1.085483 -0.00129197575984836 0.999997092152127 0.00203629220071448 -0.895945 -0.000898220606110861 -0.00203745355657737 0.999997520988301 0.1767415
1655450935.012 0.999999153975863 0.00123530584622244 0.000407513219759962 -1.085476 -0.00123635899587565 0.99999587054638 0.00259428345043755 -0.8959534 -0.000404306803439938 -0.00259478508824632 0.999996551807232 0.1767495
1655450935.073 0.999998973521707 0.00136405232359441 0.000438539384544863 -1.085475 -0.00136506865087271 0.999996363980901 0.00232564239656822 -0.89594 -0.000435365492092396 -0.0023262386457128 0.999997199531404 0.1767336
1655450935.135 0.999999031907272 0.00127583734420253 0.000555358973189449 -1.085496 -0.00127716015274703 0.99999633292219 0.00238809633747673 -0.8959629 -0.000552310114155976 -0.00238880330792906 0.99999699428163 0.1767388
1655450935.196 0.999999084087461 0.00119954434975508 0.000626831390824289 -1.085474 -0.001200919190177 0.999996864248358 0.00219756377601703 -0.8959455 -0.000624193350025978 -0.00219831453708706 0.99999738889452 0.176746
1655450935.257 0.999998973235606 0.00126391644982356 0.000675309514521236 -1.085501 -0.00126556107920492 0.999996221102287 0.00244051967853013 -0.8959539 -0.000672222349627843 -0.00244137181812942 0.99999679390524 0.1767461
1655450935.316 0.999999069277274 0.00127726825360118 0.000479614838498079 -1.085479 -0.00127838099473907 0.999996475451812 0.0023269778655187 -0.8959521 -0.00047664097311801 -0.00232758883024185 0.999997177567827 0.1767469
1655450935.38 0.999998805985255 0.00126248549355294 0.000891155678172355 -1.085499 -0.00126472879764451 0.999996021900057 0.00252123880847869 -0.8959464 -0.000887969105644515 -0.00252236286833175 0.999996424591822 0.1767302
1655450935.439 0.999999116981006 0.0012114641608113 0.000546252502436283 -1.08547 -0.00121290399618147 0.999995771010165 0.00264326042641515 -0.8959524 -0.00054304797706571 -0.00264392064420912 0.999996357384627 0.1767417
1655450935.503 0.999998886323636 0.00125771838528975 0.000803427626091268 -1.085493 -0.00125948179115507 0.99999679095741 0.0021981311380434 -0.8959393 -0.000800660417912202 -0.00219914059250228 0.999997261358025 0.1767379
1655450935.562 0.9999988809346 0.00131017037728158 0.000722207124427422 -1.085491 -0.00131175028879542 0.999996738314053 0.00219150004237138 -0.8959637 -0.000719333530377267 -0.00219244494534355 0.999997337868673 0.1767341
1655450935.626 0.999999032885985 0.00130397145588116 0.000483617138590651 -1.085475 -0.00130505345278917 0.999996631150749 0.00224377419491745 -0.8959391 -0.000480689691853801 -0.00224440317114853 0.999997365792443 0.1767285
1655450935.687 0.99999879345005 0.00123339933219377 0.000944364617374754 -1.085472 -0.0012355776997275 0.999996569533687 0.00230960356016376 -0.895954 -0.000941512714275009 -0.00231076760937334 0.999996886948587 0.1767272
1655450935.747 0.999998753703829 0.00138503368711274 0.00075780767679218 -1.085458 -0.0013865680470378 0.999996982378481 0.00202797016332545 -0.8959313 -0.000754996583022762 -0.00202901838778444 0.999997656529525 0.1767375
1655450935.813 0.999998791717028 0.00137645089775303 0.000722459279948716 -1.085493 -0.00137791641887005 0.999996986248805 0.00203195463793791 -0.8959452 -0.000719660216850614 -0.00203294767126552 0.999997674603765 0.1767345
1655450935.871 0.999999076658605 0.00131255400649538 0.000351971473728149 -1.085461 -0.00131337092273414 0.999996421035358 0.00233087393337227 -0.8959503 -0.000348910816114806 -0.00233133405027911 0.999997221567534 0.1767477
1655450935.932 0.999998555555353 0.00145798953994869 0.000873586692095511 -1.085493 -0.0014598169301586 0.999996740260888 0.00209485133787795 -0.89594 -0.00087052957309243 -0.00209612358862423 0.999997424218764 0.176737
1655450935.996 0.999999073040648 0.00126439329703174 0.000505200391099888 -1.085468 -0.0012656152423032 0.999996256898462 0.00242577969387233 -0.8959485 -0.000502131360498519 -0.00242641683458855 0.999996930178009 0.1767384
1655450936.056 0.999998800643489 0.00130492471142327 0.000834196068919191 -1.085469 -0.00130686391428134 0.999996435477881 0.00232833379068735 -0.8959319 -0.000831154795108942 -0.00232942117892496 0.999996941484662 0.1767299
1655450936.118 0.999998543513541 0.00136071492333724 0.00103025515964574 -1.085472 -0.00136297782171156 0.999996653476692 0.0021989376695413 -0.8959514 -0.0010272595845704 -0.00220033868175166 0.999997051619369 0.1767258
1655450936.177 0.999998954705143 0.00130444854065252 0.000623700750601694 -1.085472 -0.00130576391535593 0.99999691457628 0.00211324833312098 -0.8959342 -0.000620942202516428 -0.00211406053008748 0.999997572586482 0.1767402
1655450936.24 0.999998514575155 0.00138884805484822 0.00102075881759187 -1.085485 -0.00139110515285976 0.999996581902332 0.00221382251001918 -0.8959462 -0.00101768066545172 -0.0022152392044032 0.99999702851625 0.1767257
1655450936.301 0.999998883001044 0.00116473533547405 0.000936690057093083 -1.085452 -0.00116671268189357 0.999997086527057 0.0021132247669085 -0.8959397 -0.000934225980514128 -0.00211431525460726 0.999997328442842 0.1767383
1655450936.366 0.999999173962006 0.000800909508028564 0.00100529561115876 -1.085447 -0.000803135341497011 0.999997222906188 0.00221566097002245 -0.8959511 -0.00100351827542108 -0.00221646652823628 0.99999704010922 0.1767296
1655450936.428 0.999999529808541 0.000662627007901405 0.000708031176105772 -1.085417 -0.000664260796803322 0.999997111852092 0.00230977164870739 -0.8959654 -0.000706498614130493 -0.00231024088002569 0.999997081819134 0.1767429
1655450936.489 0.999999788671441 0.000290218338272321 0.000581747703036991 -1.085323 -0.000291459779404744 0.999997678329722 0.00213503778949875 -0.8960177 -0.000581126725291223 -0.00213520689436149 0.999997551588626 0.1767278
1655450936.548 0.999998120706888 0.00183468627109903 -0.000626505369779529 -1.084634 -0.00183291501071898 0.999994354779048 0.00281617339663961 -0.8960762 0.000631668627686137 -0.00281501977312778 0.999995838320551 0.1766896
1655450936.61 0.999992933671797 0.00373818849534153 0.000398187451019646 -1.083945 -0.00373977998549913 0.999984708043226 0.00407403060431442 -0.8960739 -0.00038295186761964 -0.00407549094933686 0.999991621825598 0.1767112
1655450936.669 0.999987893492291 0.00491356531747638 -0.000264092258134656 -1.082732 -0.00491236671727893 0.999978419510846 0.00436224321028273 -0.8962466 0.000285520725838985 -0.00436089308073252 0.99999045049913 0.1766896
1655450936.731 0.999985824379355 0.00517389999708261 0.00125769597383098 -1.081508 -0.00518002598604445 0.999974493185174 0.00491734784587617 -0.8963032 -0.00123222202800724 -0.00492379303724552 0.999987118862538 0.176639
1655450936.795 0.999978143708538 0.00641556684975896 -0.0015976880864839 -1.080332 -0.00640862930067099 0.9999701755882 0.00431015134207371 -0.8962764 0.00162529250044413 -0.00429981814746536 0.999989434938283 0.1766432
1655450936.855 0.999978723197464 0.00652094908983612 0.000174285217353708 -1.078848 -0.00652160688678507 0.99997038566536 0.00408612724780565 -0.895983 -0.000147634628255426 -0.00408717692775682 0.999991636559415 0.1766172
1655450936.915 0.999970619002195 0.00750562506886652 -0.00155779481724018 -1.077471 -0.00750164939759062 0.999968630092135 0.00254245707436204 -0.8959097 0.00157682867891414 -0.002530696343884 0.999995554583785 0.1766013
1655450936.979 0.99996090903231 0.00864239063727757 -0.00186801802690997 -1.07568 -0.00864174999690765 0.999962597865586 0.0003507519060979 -0.8958462 0.00187097949403791 -0.000334595250088199 0.999998193739244 0.1765544
1655450937.038 0.999964951062355 0.00820943534040037 -0.00164372085616445 -1.074039 -0.0082082112858134 0.999966030768087 0.000750051600871462 -0.8959189 0.00164982252034881 -0.000736533304277377 0.99999836780084 0.1765403
1655450937.102 0.999965497444022 0.00823372207178328 -0.00109988289129381 -1.072534 -0.00823053359877654 0.999962002359517 0.00287265623172044 -0.8961046 0.0011234937513589 -0.00286350449464649 0.999995269040709 0.1765598
1655450937.163 0.999981082638831 0.00607936450482696 0.000935783997040403 -1.070789 -0.0060845728212493 0.999965429169514 0.00566731324456896 -0.8962563 -0.000901297983233702 -0.0056728998798324 0.999983502798371 0.1765598
1655450937.223 0.999963343788579 0.00845865596790958 -0.00132748573679672 -1.068618 -0.00845032053387899 0.9999452977422 0.006163895370363 -0.8965974 0.00137955139068981 -0.00615245174533104 0.999980121890171 0.1764852
1655450937.285 0.999965440986498 0.00797998510736369 -0.00233166686393849 -1.067125 -0.00796805171900679 0.999955334620986 0.00508319927164807 -0.8965527 0.00237212657363979 -0.00506444475913245 0.999984362085128 0.1764673
1655450937.345 0.999967072490342 0.00805205960649782 -0.00100909424118323 -1.06527 -0.00804936567743533 0.999964102905876 0.0026458669349331 -0.8963461 0.00103036269590321 -0.00263765724457377 0.99999599055045 0.176485
1655450937.407 0.999968908648772 0.00781127094809318 -0.00107971383234932 -1.062977 -0.00780872062346109 0.999966758570494 0.00234640922358274 -0.8960842 0.00109800637931859 -0.00233790508687934 0.999996664285334 0.1763849
1655450937.47 0.999958151383653 0.00913063918126717 0.000571760026785049 -1.061254 -0.00913163540564236 0.999956748579694 0.00176471095233049 -0.8963495 -0.000555622358386856 -0.001769858205723 0.999998279441383 0.1763111
1655450937.531 0.999981073207079 0.00595970651753135 0.0015281118558917 -1.058901 -0.00596717544782742 0.999970040446327 0.00493062135489 -0.8966489 -0.00149868101811832 -0.00493964654558865 0.999986676834852 0.1763406
1655450937.593 0.999977787856583 0.00603356139103427 -0.00283194816253125 -1.056523 -0.00601511965939309 0.999960939189489 0.00647598878615609 -0.8970006 0.00287091082024962 -0.00645881043349758 0.999975020507436 0.1763185
1655450937.652 0.999971547319673 0.00745693044209701 -0.00113962251705165 -1.054183 -0.00745149518472761 0.999961185225945 0.0047014105367555 -0.8970519 0.00117463637421347 -0.00469278487732619 0.999988298931284 0.1762129
1655450937.713 0.999979447293207 0.00594065984554615 0.00241113080783909 -1.051732 -0.00594995038885033 0.999974831616427 0.00386448238053955 -0.8966794 -0.00238811254827219 -0.00387874906365395 0.99998962605827 0.1761898
1655450937.775 0.999983902417415 0.00507713024086542 0.00253330901314196 -1.049794 -0.00508644867382342 0.999980272072976 0.00368558065236109 -0.8967428 -0.00251454686322136 -0.00369840686969245 0.999989999370343 0.1762273
1655450937.836 0.999978282119472 0.00622768860625874 0.00215666038438167 -1.047195 -0.00623764144846424 0.999969783566208 0.00463937320249955 -0.8970344 -0.00212770264616257 -0.00465272491935049 0.999986912430495 0.176296
1655450937.897 0.999988856391249 0.00470896580109697 0.00033575944786536 -1.044881 -0.00471090563086159 0.999970711638181 0.00603185162012709 -0.8974247 -0.000307345831024697 -0.00603336613460616 0.999981751849315 0.1762478
1655450937.96 0.999985553695317 0.00529016687570466 0.000952121366780763 -1.04239 -0.00529701355445838 0.999959045747696 0.00733815199902666 -0.8974718 -0.000913262324727948 -0.0073430893896324 0.999972622120297 0.1761675
1655450938.022 0.999978815162639 0.00649042680956763 0.000493544075624771 -1.039711 -0.00649249890384299 0.999969593905967 0.00431957422891538 -0.8971951 -0.000465493188495929 -0.00432268705380786 0.999990548801701 0.1760652
1655450938.081 0.999985808227165 0.00493312375216412 0.00201187333342817 -1.037248 -0.00494109991317223 0.999979876209947 0.00397903339850841 -0.8970629 -0.00199220378274276 -0.00398891779612343 0.999990059780048 0.1761031
1655450938.145 0.999979364812141 0.00581377187487831 0.00273313126183231 -1.035132 -0.00582944503322321 0.999966408195491 0.00576194856051297 -0.8972935 -0.00269954079653566 -0.00577776230008142 0.999979664764385 0.1761425
1655450938.204 0.999978160516285 0.00599254062107493 0.00278710376057267 -1.031285 -0.00601128601823544 0.99995903704602 0.00676673262398178 -0.8977634 -0.00274643967244842 -0.00678333891990214 0.999973221332563 0.1760444
1655450938.269 0.999983743594399 0.00406761056433698 0.00399588428622967 -1.028553 -0.0040956550435484 0.999966863759581 0.00703540990921485 -0.8975569 -0.00396713456997611 -0.00705166130236813 0.999967267422379 0.1760925
1655450938.328 0.999966389226621 0.00747177251285969 0.00337535666122684 -1.025823 -0.00747959223714042 0.999969359195983 0.00231005825484325 -0.8973154 -0.00335799300781326 -0.00233522690347964 0.99999163526415 0.1759818
1655450938.389 0.999973268272063 0.00576991926716881 0.00449118836597382 -1.022519 -0.0057934385371069 0.999969480990152 0.00524148435113146 -0.8976439 -0.00446080835780569 -0.00526736366095464 0.999976177750679 0.1760289
1655450938.451 0.999975524316527 0.00613412158812393 0.00336501414994154 -1.019648 -0.00615941591068592 0.999952462618087 0.00755871018517426 -0.8978577 -0.0033184881386535 -0.00757925170227113 0.999965770704231 0.1759961
1655450938.511 0.999964192170748 0.00795650795684912 0.00288242214758677 -1.016062 -0.00797751144790591 0.999941166313784 0.0073500491242237 -0.8977672 -0.00282377183972648 -0.00737278049059973 0.999968833724549 0.17602
1655450938.575 0.999972498328164 0.00686231955950251 0.00281267801105772 -1.01335 -0.00687682497580851 0.999962935974604 0.00518034316455445 -0.897447 -0.00277702459166543 -0.00519954299085209 0.999982626292629 0.1760541
1655450938.636 0.999953058161526 0.00809871956422711 0.00531904266110661 -1.010302 -0.00812458671617776 0.999955186427721 0.00485965297043436 -0.8976634 -0.00527944732921685 -0.0049026398727368 0.999974045442269 0.176018
1655450938.697 0.999965389207751 0.0073489993313539 0.00390033273181088 -1.007003 -0.00738091751637562 0.9999388668463 0.00823314197343071 -0.8979243 -0.00383958893731282 -0.00826164505204423 0.99995850052781 0.1760329
1655450938.757 0.999957476142537 0.00915327905372511 0.00112400587729251 -1.00395 -0.00916151035734029 0.999929525970173 0.0075504848213915 -0.8982133 -0.00105481496950767 -0.0075604613371377 0.999970862970392 0.1759621
1655450938.82 0.99997132414086 0.00750027091774895 0.00104729753865889 -1.000884 -0.00750634367211061 0.999954301736883 0.00592024007776282 -0.8977993 -0.00100284627449907 -0.00592793168504441 0.999981926799323 0.1759673
1655450938.882 0.999967714014672 0.00792177981499892 0.0013477139286058 -0.9972322 -0.00792954894759148 0.999951387478078 0.00586045511503025 -0.8979388 -0.00130122317779595 -0.00587095266802662 0.999981919203048 0.175926
1655450938.941 0.999973469478575 0.00728420571354835 -2.61935765563127e-05 -0.9939423 -0.00728381707834549 0.999946519138793 0.0073419936652449 -0.8982017 7.96727679064931e-05 -0.0073416080891044 0.999973046858222 0.1759987
1655450939.003 0.999968055936975 0.00787933899783977 0.00134280400043524 -0.9903349 -0.00788721219084697 0.999951119393049 0.00596244148355271 -0.8981968 -0.00129575826565699 -0.00597284199902833 0.999981322910069 0.1759527
1655450939.065 0.999975844263497 0.00677797072543844 -0.00153948119567851 -0.9863588 -0.00677246907555588 0.999970760764961 0.00355123608995003 -0.8977846 0.00156350635668279 -0.00354072421843665 0.999992509331886 0.1758811
1655450939.127 0.999965433360108 0.00830997709313782 0.000276343340495086 -0.9833759 -0.00831105322971524 0.999956840826765 0.00415245445099486 -0.8981081 -0.000241824612376916 -0.00415460761880972 0.9999913403407 0.1759714
1655450939.19 0.999967323614411 0.0079054380409647 -0.00168989727866396 -0.9795381 -0.00789132660232836 0.999935240470487 0.00820011156538488 -0.8985389 0.00175461331562041 -0.00818650808402718 0.999964950594521 0.1759252
1655450939.247 0.999954074862989 0.00954481266670877 -0.000862969327708893 -0.9757327 -0.00953909956542397 0.999934031547476 0.00639829138853354 -0.8981608 0.000923982891648337 -0.00638976559578596 0.999979158358436 0.1758712
1655450939.312 0.999958196328738 0.00840482976557109 -0.00360061544575908 -0.9719954 -0.00838669647231867 0.999952220254592 0.00502200459913378 -0.8980159 0.00364265250300741 -0.00499159739204732 0.999980907336844 0.1759485
1655450939.371 0.999937137039205 0.0109127960662283 -0.00257543236293396 -0.968478 -0.0108975425925363 0.999923424382348 0.00586420812407734 -0.8984771 0.00263923005495803 -0.00583577359872267 0.999979488895258 0.1759176
1655450939.433 0.999955067644114 0.00869022740955158 -0.00378716786331951 -0.9648865 -0.00865720094113687 0.999925099694017 0.00865146656784842 -0.8986835 0.00386206741518848 -0.00861829156388309 0.999955403748487 0.17583
1655450939.495 0.999932532770428 0.0108051111622079 -0.00426374015255846 -0.9615579 -0.0107856653742222 0.999931446167894 0.00455767342187153 -0.898384 0.00431269402479626 -0.00451137865374433 0.999980523876786 0.1757696
1655450939.556 0.999947595602882 0.00999493428756748 -0.00221525091171052 -0.9579749 -0.00998116708356644 0.99993132971435 0.00614102266253072 -0.8985353 0.00227647790776809 -0.0061185900564586 0.999978690024971 0.1758065
1655450939.618 0.99993128436508 0.0116415245031125 -0.00137893264720052 -0.9543734 -0.0116283112587727 0.999889778014985 0.00923115368802167 -0.8989586 0.00148624536035804 -0.00921448470540842 0.999956441224488 0.1757399
1655450939.678 0.999924612561908 0.0122773857462928 0.000187061900578999 -0.9501513 -0.0122782699072646 0.999907516682776 0.00584826208094622 -0.8988057 -0.000115243230960714 -0.00585011799195532 0.999982881272714 0.1756482
1655450939.739 0.999923999574977 0.0120966689754201 -0.00238026756477773 -0.9462537 -0.0120820599670885 0.999908651501025 0.00605908246795215 -0.898793 0.00245334484581812 -0.00602986343965398 0.99997881069849 0.175518
1655450939.805 0.999936690343223 0.0112487382971561 0.000284942387007004 -0.9425913 -0.0112507302031834 0.99990164805332 0.00837348733501283 -0.8992959 -0.00019072319470244 -0.00837616302232328 0.999964901142878 0.1754997
1655450939.863 0.999950445192494 0.00988140195128787 -0.00121039448553363 -0.937879 -0.00987277949312499 0.999927223071319 0.00693374256528467 -0.8994384 0.00127882149405481 -0.00692144900715119 0.999975228772807 0.175451
1655450939.929 0.999955069526055 0.00947665742115333 -0.00022780093225603 -0.9336292 -0.00947515349450245 0.999937802164086 0.00588330430225666 -0.8993719 0.000283540822907908 -0.00588088151380668 0.999982667268399 0.1754285
1655450939.989 0.999969906210028 0.00747341328109435 0.00208201062390971 -0.9293765 -0.00749139142728864 0.999933521766392 0.00876533526700015 -0.8998222 -0.00201636524252344 -0.00878066864138107 0.999959416241189 0.175394
1655450940.05 0.999979806152451 0.00635487126390462 -5.38379608509817e-05 -0.9248704 -0.00635424857255089 0.999948675098917 0.00789117817556938 -0.8998723 0.000103982619049244 -0.00789067672253444 0.999968862719472 0.1752907
