0 0 0 0 0 0 0 0 0 0 0 0
1655375873.726000 0.999731 0.018743 0.013657 0.005432 -0.018829 0.999803 0.006216 0.288156 -0.013538 -0.006472 0.999887 0.041667
1655375873.795000 0.999732 0.018720 0.013646 0.005429 -0.018800 0.999807 0.005773 0.288148 -0.013535 -0.006028 0.999890 0.041649
1655375873.854000 0.999729 0.018773 0.013732 0.005432 -0.018856 0.999805 0.005916 0.288158 -0.013618 -0.006173 0.999888 0.041649
1655375873.936000 0.999727 0.019548 0.012806 0.005359 -0.019587 0.999804 0.002924 0.288106 -0.012746 -0.003174 0.999914 0.041773
1655375874.007000 0.999728 0.019479 0.012816 0.005379 -0.019518 0.999805 0.002940 0.288120 -0.012757 -0.003189 0.999914 0.041779
1655375874.066000 0.999747 0.018090 0.013399 0.005470 -0.018188 0.999809 0.007202 0.288186 -0.013266 -0.007444 0.999884 0.041603
1655375874.130000 0.999732 0.018647 0.013748 0.005431 -0.018733 0.999806 0.006139 0.288154 -0.013631 -0.006394 0.999887 0.041649
1655375874.190000 0.999726 0.018895 0.013809 0.005442 -0.018976 0.999803 0.005747 0.288149 -0.013698 -0.006008 0.999888 0.041664
1655375874.253000 0.999722 0.019319 0.013526 0.005403 -0.019389 0.999799 0.005085 0.288132 -0.013425 -0.005345 0.999896 0.041692
1655375874.312000 0.999733 0.018819 0.013401 0.005437 -0.018896 0.999806 0.005624 0.288158 -0.013292 -0.005876 0.999894 0.041648
1655375874.375000 0.999719 0.019570 0.013341 0.005385 -0.019614 0.999803 0.003115 0.288121 -0.013277 -0.003376 0.999906 0.041776
1655375874.436000 0.999730 0.018785 0.013650 0.005436 -0.018862 0.999807 0.005565 0.288147 -0.013542 -0.005821 0.999891 0.041669
1655375874.502000 0.999722 0.019452 0.013321 0.005376 -0.019498 0.999805 0.003281 0.288115 -0.013254 -0.003540 0.999906 0.041778
1655375874.562000 0.999730 0.018914 0.013490 0.005425 -0.018994 0.999803 0.005834 0.288143 -0.013377 -0.006089 0.999892 0.041650
1655375874.622000 0.999722 0.019723 0.012893 0.005368 -0.019759 0.999801 0.002688 0.288100 -0.012838 -0.002942 0.999913 0.041788
1655375874.684000 0.999724 0.019166 0.013622 0.005430 -0.019246 0.999798 0.005762 0.288149 -0.013509 -0.006022 0.999891 0.041654
1655375874.744000 0.999729 0.018701 0.013853 0.005425 -0.018790 0.999803 0.006324 0.288156 -0.013732 -0.006583 0.999884 0.041659
1655375874.807000 0.999777 0.017403 0.011952 0.005591 -0.017518 0.999801 0.009558 0.288293 -0.011783 -0.009766 0.999883 0.041532
1655375874.868000 0.999721 0.018974 0.014094 0.005567 -0.019150 0.999739 0.012444 0.288796 -0.013854 -0.012711 0.999823 0.041657
1655375874.928000 0.999400 0.033268 0.009594 0.006082 -0.033210 0.999430 -0.006111 0.289464 -0.009792 0.005789 0.999935 0.042526
1655375874.990000 0.998482 0.053457 0.013238 0.007394 -0.052341 0.995903 -0.073742 0.291488 -0.017125 0.072938 0.997189 0.049774
1655375875.052000 0.996010 0.086055 -0.023629 0.010487 -0.087703 0.992849 -0.080992 0.297499 0.016490 0.082741 0.996435 0.070379
1655375875.117000 0.991695 0.113340 -0.060790 0.015911 -0.114625 0.993244 -0.018079 0.306540 0.058330 0.024897 0.997987 0.096832
1655375875.174000 0.990187 0.137391 -0.025569 0.025817 -0.137124 0.990482 0.011923 0.318244 0.026964 -0.008300 0.999602 0.133854
1655375875.237000 0.988959 0.147883 0.009546 0.037035 -0.148181 0.987583 0.052183 0.328043 -0.001711 -0.053021 0.998592 0.169759
1655375875.298000 0.988931 0.143054 0.039372 0.048835 -0.146146 0.984971 0.092055 0.336238 -0.025611 -0.096790 0.994975 0.208558
1655375875.362000 0.988496 0.143174 0.048748 0.061960 -0.147046 0.985186 0.088240 0.341591 -0.035392 -0.094393 0.994906 0.254822
1655375875.421000 0.988768 0.134596 0.064968 0.072695 -0.139846 0.986564 0.084469 0.342934 -0.052726 -0.092606 0.994306 0.296851
1655375875.483000 0.989923 0.128497 0.059501 0.082267 -0.132764 0.988354 0.074367 0.341516 -0.049253 -0.081517 0.995454 0.339717
1655375875.547000 0.991985 0.111368 0.059691 0.092038 -0.114604 0.991951 0.053835 0.337621 -0.053215 -0.060245 0.996764 0.388274
1655375875.605000 0.993491 0.100998 0.052679 0.099658 -0.103562 0.993443 0.048442 0.332516 -0.047441 -0.053582 0.997436 0.428933
1655375875.666000 0.995129 0.086524 0.047245 0.107693 -0.088625 0.995077 0.044351 0.325668 -0.043175 -0.048322 0.997898 0.472467
1655375875.727000 0.995949 0.076442 0.047345 0.114293 -0.077686 0.996664 0.025010 0.318693 -0.045276 -0.028587 0.998565 0.507155
1655375875.791000 0.996755 0.066470 0.045394 0.120613 -0.066522 0.997785 -0.000373 0.311747 -0.045318 -0.002648 0.998969 0.538308
1655375875.851000 0.996708 0.063447 0.050466 0.127249 -0.063581 0.997976 0.001051 0.304137 -0.050297 -0.004256 0.998725 0.569486
1655375875.914000 0.997405 0.053844 0.047800 0.132357 -0.053807 0.998549 -0.002055 0.298129 -0.047841 -0.000523 0.998855 0.593762
1655375875.977000 0.998080 0.048308 0.038752 0.137251 -0.047761 0.998747 -0.014924 0.292983 -0.039424 0.013045 0.999137 0.614217
1655375876.036000 0.998313 0.043815 0.038097 0.142896 -0.043276 0.998952 -0.014875 0.288321 -0.038708 0.013201 0.999163 0.633747
1655375876.098000 0.998500 0.042476 0.034538 0.147244 -0.042142 0.999058 -0.010339 0.285141 -0.034945 0.008868 0.999350 0.648286
1655375876.159000 0.998619 0.041709 0.031945 0.152442 -0.041313 0.999062 -0.012947 0.282430 -0.032455 0.011610 0.999406 0.661740
1655375876.221000 0.998555 0.040618 0.035198 0.156975 -0.040466 0.999168 -0.004994 0.281331 -0.035371 0.003563 0.999368 0.671795
1655375876.282000 0.998404 0.035999 0.043505 0.161490 -0.036450 0.999289 0.009620 0.280841 -0.043127 -0.011191 0.999007 0.679855
1655375876.344000 0.998501 0.040383 0.036953 0.166365 -0.040741 0.999129 0.008991 0.280431 -0.036558 -0.010483 0.999277 0.687540
1655375876.406000 0.998629 0.038413 0.035570 0.170511 -0.038998 0.999113 0.015898 0.280553 -0.034928 -0.017263 0.999241 0.692905
1655375876.467000 0.998573 0.039641 0.035797 0.175315 -0.040195 0.999081 0.014910 0.280418 -0.035173 -0.016328 0.999248 0.697611
1655375876.529000 0.998350 0.043220 0.037800 0.179337 -0.043745 0.998956 0.013160 0.280146 -0.037191 -0.014792 0.999199 0.701126
1655375876.592000 0.998303 0.045159 0.036762 0.183192 -0.045878 0.998767 0.018951 0.280147 -0.035861 -0.020606 0.999144 0.704337
1655375876.652000 0.998109 0.048822 0.037336 0.187538 -0.049592 0.998570 0.019957 0.279882 -0.036308 -0.021771 0.999103 0.708078
1655375876.712000 0.998590 0.048549 0.021451 0.191554 -0.048783 0.998754 0.010545 0.279669 -0.020912 -0.011577 0.999714 0.711220
1655375876.776000 0.998052 0.053200 -0.032582 0.195717 -0.052758 0.998505 0.014280 0.279256 0.033293 -0.012533 0.999367 0.714239
1655375876.835000 0.997061 0.052963 -0.055358 0.203275 -0.052129 0.998506 0.016393 0.279047 0.056144 -0.013459 0.998332 0.717664
1655375876.899000 0.997420 0.052704 -0.048749 0.212812 -0.052309 0.998587 0.009344 0.278780 0.049173 -0.006770 0.998767 0.720889
1655375876.958000 0.997356 0.054328 -0.048269 0.227019 -0.053703 0.998457 0.014150 0.278568 0.048964 -0.011521 0.998734 0.724301
1655375877.019000 0.997912 0.051940 -0.038389 0.242313 -0.051271 0.998519 0.018219 0.278485 0.039279 -0.016213 0.999097 0.727047
1655375877.083000 0.998476 0.049722 -0.023939 0.259719 -0.049291 0.998617 0.018288 0.278479 0.024815 -0.017081 0.999546 0.729384
1655375877.143000 0.998818 0.048466 -0.003588 0.281434 -0.048385 0.998627 0.020055 0.278283 0.004555 -0.019857 0.999792 0.732574
1655375877.205000 0.998914 0.045316 0.010826 0.301625 -0.045519 0.998777 0.019301 0.278274 -0.009938 -0.019773 0.999755 0.734873
1655375877.268000 0.998601 0.042682 0.031229 0.322218 -0.043313 0.998865 0.019824 0.278103 -0.030347 -0.021149 0.999316 0.736927
1655375877.328000 0.998248 0.041126 0.042534 0.345263 -0.041856 0.998989 0.016421 0.278044 -0.041816 -0.018172 0.998960 0.739464
1655375877.389000 0.998573 0.037646 0.037875 0.365126 -0.038086 0.999214 0.010963 0.278013 -0.037432 -0.012390 0.999222 0.741130
1655375877.450000 0.998008 0.036778 0.051262 0.384133 -0.037569 0.999188 0.014547 0.278028 -0.050686 -0.016444 0.998579 0.742732
1655375877.510000 0.997980 0.040448 0.048981 0.405061 -0.041257 0.999026 0.015623 0.278025 -0.048301 -0.017612 0.998678 0.743920
1655375877.573000 0.997864 0.035096 0.055093 0.422688 -0.036062 0.999211 0.016642 0.278106 -0.054465 -0.018593 0.998343 0.744538
1655375877.635000 0.998008 0.038319 0.050115 0.441247 -0.038968 0.999168 0.012028 0.278291 -0.049612 -0.013957 0.998671 0.745705
1655375877.695000 0.998238 0.038349 0.045286 0.456805 -0.039002 0.999146 0.013614 0.278393 -0.044726 -0.015356 0.998881 0.746556
1655375877.758000 0.998598 0.034536 0.040126 0.472065 -0.034922 0.999350 0.008954 0.278720 -0.039790 -0.010343 0.999155 0.747530
1655375877.820000 0.998547 0.036750 0.039423 0.488464 -0.037176 0.999257 0.010135 0.279242 -0.039022 -0.011586 0.999171 0.748198
1655375877.884000 0.998805 0.035084 0.034016 0.502568 -0.035690 0.999212 0.017358 0.279740 -0.033380 -0.018552 0.999271 0.748645
1655375877.941000 0.999084 0.035076 0.024520 0.516371 -0.035385 0.999298 0.012302 0.280300 -0.024071 -0.013158 0.999624 0.748988
1655375878.005000 0.999056 0.035969 0.024343 0.532484 -0.036226 0.999292 0.010187 0.281168 -0.023960 -0.011060 0.999652 0.749094
1655375878.068000 0.999212 0.034329 0.019903 0.546437 -0.034567 0.999333 0.011754 0.281767 -0.019486 -0.012433 0.999733 0.749038
1655375878.126000 0.999181 0.035656 0.019120 0.562434 -0.035883 0.999288 0.011691 0.282533 -0.018689 -0.012367 0.999749 0.749250
1655375878.188000 0.999074 0.035895 0.023710 0.576921 -0.036237 0.999242 0.014194 0.283211 -0.023182 -0.015040 0.999618 0.749270
1655375878.254000 0.999197 0.032863 0.022919 0.591512 -0.033221 0.999329 0.015399 0.283993 -0.022398 -0.016148 0.999619 0.749766
1655375878.311000 0.999095 0.034536 0.024842 0.608218 -0.034954 0.999251 0.016592 0.284982 -0.024251 -0.017446 0.999554 0.749941
1655375878.373000 0.999183 0.032382 0.024184 0.622857 -0.032811 0.999307 0.017583 0.285563 -0.023598 -0.018362 0.999553 0.749776
1655375878.434000 0.998946 0.034366 0.030429 0.639765 -0.034989 0.999184 0.020171 0.286348 -0.029711 -0.021214 0.999333 0.749556
1655375878.498000 0.999000 0.036679 0.025565 0.654490 -0.037081 0.999193 0.015422 0.286673 -0.024979 -0.016355 0.999554 0.749027
1655375878.561000 0.998922 0.037098 0.027913 0.669032 -0.037684 0.999074 0.020770 0.287151 -0.027117 -0.021799 0.999395 0.748773
1655375878.619000 0.999021 0.037392 0.023620 0.685717 -0.037742 0.999182 0.014523 0.287546 -0.023057 -0.015400 0.999616 0.748698
1655375878.682000 0.998786 0.040688 0.027785 0.700337 -0.041151 0.999020 0.016309 0.287543 -0.027094 -0.017433 0.999481 0.748590
1655375878.742000 0.999034 0.033892 0.027978 0.716929 -0.034367 0.999270 0.016679 0.287821 -0.027392 -0.017624 0.999469 0.748578
1655375878.806000 0.999078 0.034840 0.025099 0.731470 -0.035297 0.999215 0.017979 0.287661 -0.024453 -0.018848 0.999523 0.748679
1655375878.868000 0.999156 0.031105 0.026824 0.746010 -0.031556 0.999365 0.016534 0.287800 -0.026293 -0.017367 0.999503 0.748856
1655375878.929000 0.999060 0.037986 0.020872 0.762639 -0.038429 0.999036 0.021221 0.287252 -0.020046 -0.022003 0.999557 0.748874
1655375878.992000 0.999316 0.033410 0.015833 0.777343 -0.033716 0.999243 0.019432 0.287009 -0.015172 -0.019952 0.999686 0.748666
1655375879.050000 0.999377 0.031388 0.016163 0.794448 -0.031643 0.999375 0.015778 0.286526 -0.015657 -0.016279 0.999745 0.748401
1655375879.111000 0.999117 0.033649 0.025165 0.809604 -0.034168 0.999206 0.020492 0.285894 -0.024455 -0.021333 0.999473 0.747620
1655375879.175000 0.999224 0.034255 0.019440 0.824664 -0.034540 0.999298 0.014477 0.285324 -0.018931 -0.015137 0.999706 0.746519
1655375879.234000 0.999161 0.034955 0.021323 0.842283 -0.035318 0.999234 0.016852 0.284811 -0.020717 -0.017590 0.999631 0.745141
1655375879.296000 0.999030 0.034467 0.027391 0.857799 -0.034969 0.999225 0.018073 0.284358 -0.026746 -0.019013 0.999461 0.743594
1655375879.358000 0.999114 0.033008 0.026105 0.873355 -0.033413 0.999326 0.015202 0.283840 -0.025586 -0.016060 0.999544 0.742407
1655375879.419000 0.998984 0.033207 0.030472 0.891046 -0.033663 0.999327 0.014580 0.283252 -0.029967 -0.015591 0.999429 0.740671
1655375879.483000 0.999134 0.030378 0.028437 0.906461 -0.030790 0.999426 0.014141 0.282721 -0.027991 -0.015004 0.999496 0.739099
1655375879.542000 0.998997 0.032449 0.030841 0.923946 -0.032868 0.999373 0.013178 0.282412 -0.030394 -0.014178 0.999437 0.737531
1655375879.603000 0.999017 0.034097 0.028333 0.939024 -0.034421 0.999347 0.011031 0.281776 -0.027939 -0.011995 0.999538 0.736186
1655375879.667000 0.999046 0.036456 0.024039 0.954270 -0.036749 0.999254 0.011873 0.281588 -0.023588 -0.012745 0.999641 0.735145
1655375879.725000 0.999065 0.034486 0.026074 0.971487 -0.034932 0.999248 0.016830 0.281368 -0.025474 -0.017725 0.999518 0.734094
1655375879.787000 0.999083 0.035692 0.023655 0.986625 -0.036055 0.999236 0.015098 0.281236 -0.023098 -0.015938 0.999606 0.733751
1655375879.851000 0.999139 0.035468 0.021533 1.001699 -0.035755 0.999275 0.013063 0.280954 -0.021054 -0.013822 0.999683 0.733670
1655375879.912000 0.998888 0.037805 0.028179 1.018906 -0.038350 0.999082 0.019081 0.280710 -0.027432 -0.020140 0.999421 0.733526
1655375879.971000 0.998915 0.040716 0.022584 1.034252 -0.041033 0.999063 0.013733 0.280451 -0.022004 -0.014645 0.999651 0.733359
1655375880.033000 0.998919 0.038458 0.026127 1.051431 -0.038895 0.999108 0.016424 0.280104 -0.025472 -0.017422 0.999524 0.732904
1655375880.096000 0.999128 0.037906 0.017525 1.066586 -0.038189 0.999141 0.016116 0.279594 -0.016899 -0.016771 0.999717 0.732365
1655375880.156000 0.998996 0.035963 0.026717 1.081920 -0.036375 0.999224 0.015127 0.279190 -0.026152 -0.016084 0.999529 0.731970
1655375880.217000 0.999100 0.031440 0.028471 1.099404 -0.031754 0.999439 0.010648 0.278662 -0.028121 -0.011543 0.999538 0.731590
1655375880.280000 0.999138 0.033357 0.024726 1.114878 -0.033670 0.999357 0.012365 0.278041 -0.024298 -0.013187 0.999618 0.731261
1655375880.342000 0.999248 0.030850 0.023472 1.130265 -0.031030 0.999491 0.007369 0.277889 -0.023233 -0.008092 0.999697 0.730918
1655375880.401000 0.999161 0.029456 0.028443 1.147860 -0.029883 0.999445 0.014730 0.277718 -0.027993 -0.015568 0.999487 0.730350
1655375880.462000 0.999198 0.030943 0.025402 1.163414 -0.031282 0.999425 0.013058 0.277467 -0.024984 -0.013843 0.999592 0.729728
1655375880.525000 0.999245 0.029401 0.025384 1.178776 -0.029836 0.999411 0.016943 0.277490 -0.024870 -0.017688 0.999534 0.729131
1655375880.585000 0.999313 0.028670 0.023491 1.196686 -0.029039 0.999457 0.015542 0.277032 -0.023033 -0.016214 0.999603 0.728144
1655375880.648000 0.999232 0.028803 0.026583 1.212397 -0.029220 0.999454 0.015435 0.276763 -0.026124 -0.016200 0.999527 0.727034
1655375880.708000 0.999362 0.027610 0.022642 1.228207 -0.027972 0.999483 0.015823 0.276668 -0.022194 -0.016446 0.999618 0.726218
1655375880.769000 0.999432 0.024651 0.022969 1.246229 -0.024992 0.999580 0.014650 0.276327 -0.022599 -0.015216 0.999629 0.725291
1655375880.834000 0.999469 0.024080 0.021934 1.262196 -0.024374 0.999615 0.013243 0.276156 -0.021607 -0.013770 0.999672 0.724400
1655375880.895000 0.999426 0.023660 0.024230 1.280331 -0.024013 0.999608 0.014370 0.275646 -0.023881 -0.014944 0.999603 0.723150
1655375880.953000 0.999369 0.023638 0.026506 1.296203 -0.024001 0.999621 0.013494 0.275475 -0.026177 -0.014122 0.999558 0.722275
1655375881.015000 0.999448 0.023157 0.023811 1.312127 -0.023504 0.999620 0.014403 0.275141 -0.023469 -0.014955 0.999613 0.721131
1655375881.076000 0.999230 0.026245 0.029173 1.329999 -0.026699 0.999527 0.015276 0.274929 -0.028758 -0.016043 0.999458 0.719257
1655375881.141000 0.999465 0.022932 0.023322 1.345871 -0.023238 0.999646 0.012922 0.274854 -0.023017 -0.013457 0.999645 0.717667
1655375881.199000 0.999341 0.026418 0.024875 1.361733 -0.026719 0.999573 0.011835 0.274741 -0.024552 -0.012492 0.999621 0.715791
1655375881.261000 0.999328 0.031837 0.018172 1.379708 -0.032138 0.999347 0.016507 0.274766 -0.017635 -0.017080 0.999699 0.713932
1655375881.322000 0.999535 0.027801 0.012560 1.395797 -0.027985 0.999501 0.014680 0.274571 -0.012146 -0.015025 0.999813 0.712828
1655375881.385000 0.999346 0.031655 0.017490 1.414545 -0.031913 0.999383 0.014668 0.274520 -0.017015 -0.015217 0.999739 0.712059
1655375881.449000 0.999365 0.031348 0.016947 1.430976 -0.031673 0.999312 0.019281 0.274561 -0.016331 -0.019805 0.999670 0.711963
1655375881.507000 0.999443 0.029570 0.015473 1.447613 -0.029815 0.999429 0.015905 0.274115 -0.014994 -0.016357 0.999754 0.711847
1655375881.569000 0.999284 0.032233 0.019798 1.467148 -0.032602 0.999295 0.018620 0.273882 -0.019184 -0.019252 0.999631 0.711694
1655375881.635000 0.999280 0.031731 0.020807 1.484219 -0.032066 0.999358 0.015988 0.273560 -0.020286 -0.016644 0.999656 0.711642
1655375881.694000 0.999131 0.034805 0.022912 1.504053 -0.035242 0.999200 0.018931 0.272988 -0.022235 -0.019722 0.999558 0.711424
1655375881.753000 0.998877 0.040712 0.024251 1.521463 -0.041195 0.998956 0.019764 0.272236 -0.023421 -0.020741 0.999511 0.711162
1655375881.816000 0.999073 0.036234 0.023261 1.538913 -0.036691 0.999136 0.019519 0.271310 -0.022534 -0.020355 0.999539 0.710876
1655375881.877000 0.999079 0.038001 0.019938 1.558828 -0.038344 0.999118 0.017141 0.269986 -0.019269 -0.017890 0.999654 0.710518
1655375881.938000 0.999198 0.037146 0.014940 1.576304 -0.037335 0.999224 0.012563 0.269001 -0.014462 -0.013111 0.999809 0.710462
1655375881.999000 0.999202 0.032744 0.022870 1.594127 -0.032974 0.999408 0.009771 0.267992 -0.022536 -0.010518 0.999691 0.710245
1655375882.061000 0.999307 0.032264 0.018577 1.614435 -0.032411 0.999445 0.007653 0.266511 -0.018319 -0.008249 0.999798 0.710256
1655375882.124000 0.999339 0.029557 0.021167 1.632195 -0.029775 0.999506 0.010071 0.265832 -0.020859 -0.010695 0.999725 0.710164
1655375882.184000 0.999182 0.035447 0.019478 1.652457 -0.035619 0.999329 0.008557 0.264647 -0.019161 -0.009244 0.999774 0.709768
1655375882.249000 0.999296 0.030490 0.021838 1.670260 -0.030773 0.999445 0.012739 0.263723 -0.021437 -0.013402 0.999680 0.709306
1655375882.308000 0.999207 0.031652 0.024161 1.687673 -0.031982 0.999399 0.013403 0.262579 -0.023722 -0.014166 0.999618 0.708539
1655375882.370000 0.999255 0.032423 0.020952 1.708008 -0.032661 0.999405 0.011115 0.261728 -0.020580 -0.011791 0.999719 0.707687
1655375882.433000 0.999130 0.031949 0.026796 1.725598 -0.032319 0.999387 0.013462 0.260819 -0.026349 -0.014316 0.999550 0.706762
1655375882.494000 0.999397 0.030122 0.017294 1.743094 -0.030251 0.999516 0.007240 0.260094 -0.017068 -0.007759 0.999824 0.706020
1655375882.554000 0.999264 0.030771 0.022890 1.763042 -0.031096 0.999419 0.013981 0.259165 -0.022446 -0.014683 0.999640 0.705163
1655375882.617000 0.999356 0.028349 0.022007 1.780424 -0.028513 0.999568 0.007176 0.258608 -0.021794 -0.007799 0.999732 0.704464
1655375882.677000 0.999323 0.031341 0.019276 1.800230 -0.031543 0.999450 0.010280 0.257970 -0.018944 -0.010881 0.999761 0.703840
1655375882.737000 0.999358 0.030189 0.019295 1.817650 -0.030414 0.999472 0.011472 0.257657 -0.018938 -0.012052 0.999748 0.703495
1655375882.798000 0.999138 0.032931 0.025284 1.835176 -0.033364 0.999300 0.016901 0.257007 -0.024709 -0.017730 0.999537 0.703407
1655375882.860000 0.999281 0.032404 0.019689 1.855133 -0.032621 0.999410 0.010778 0.256662 -0.019328 -0.011413 0.999748 0.703429
1655375882.925000 0.999299 0.031761 0.019803 1.872535 -0.031948 0.999447 0.009237 0.256273 -0.019498 -0.009863 0.999761 0.703711
1655375882.982000 0.999236 0.028762 0.026450 1.889802 -0.029148 0.999473 0.014321 0.256151 -0.026024 -0.015081 0.999548 0.703986
1655375883.045000 0.999281 0.030401 0.022676 1.909637 -0.030725 0.999429 0.014068 0.255513 -0.022235 -0.014754 0.999644 0.704050
1655375883.108000 0.999257 0.032717 0.020363 1.927192 -0.032947 0.999396 0.011057 0.255333 -0.019989 -0.011720 0.999732 0.704249
1655375883.167000 0.999228 0.029332 0.026134 1.947331 -0.029809 0.999393 0.018044 0.255271 -0.025588 -0.018809 0.999496 0.704121
1655375883.231000 0.999370 0.029586 0.019611 1.964487 -0.029847 0.999468 0.013130 0.255099 -0.019212 -0.013707 0.999721 0.703766
1655375883.293000 0.999190 0.029412 0.027457 1.981849 -0.029905 0.999396 0.017717 0.254459 -0.026919 -0.018524 0.999466 0.703113
1655375883.352000 0.999281 0.029749 0.023499 2.001579 -0.030091 0.999444 0.014340 0.254398 -0.023060 -0.015037 0.999621 0.702377
1655375883.414000 0.999225 0.028826 0.026821 2.018398 -0.029433 0.999313 0.022508 0.254320 -0.026154 -0.023280 0.999387 0.701219
1655375883.477000 0.999137 0.029220 0.029537 2.035398 -0.029804 0.999365 0.019511 0.253772 -0.028948 -0.020375 0.999373 0.699942
1655375883.535000 0.999256 0.027047 0.027500 2.054480 -0.027617 0.999407 0.020565 0.253034 -0.026927 -0.021309 0.999410 0.698619
1655375883.597000 0.999090 0.024320 0.035044 2.070907 -0.025289 0.999303 0.027473 0.252259 -0.034352 -0.028334 0.999008 0.697679
1655375883.658000 0.999253 0.026509 0.028128 2.089414 -0.027114 0.999404 0.021372 0.250855 -0.027544 -0.022119 0.999376 0.697600
1655375883.719000 0.999433 0.023045 0.024552 2.105634 -0.023471 0.999577 0.017199 0.249536 -0.024145 -0.017766 0.999551 0.697799
1655375883.782000 0.999556 0.023746 0.018023 2.121387 -0.023914 0.999672 0.009181 0.248156 -0.017799 -0.009608 0.999795 0.698154
1655375883.844000 0.999670 0.018529 0.017788 2.139677 -0.018590 0.999822 0.003242 0.246813 -0.017725 -0.003572 0.999837 0.698277
1655375883.904000 0.999683 0.013967 0.020970 2.155712 -0.014189 0.999845 0.010464 0.245580 -0.020821 -0.010758 0.999725 0.697979
1655375883.967000 0.999636 0.017708 0.020351 2.171702 -0.017912 0.999791 0.009844 0.244612 -0.020172 -0.010205 0.999744 0.697377
1655375884.027000 0.999620 0.021580 0.017141 2.189776 -0.021717 0.999733 0.007831 0.243824 -0.016968 -0.008200 0.999822 0.696106
1655375884.090000 0.999496 0.021656 0.023197 2.206001 -0.021876 0.999717 0.009296 0.243062 -0.022989 -0.009799 0.999688 0.694596
1655375884.151000 0.999620 0.023646 0.014159 2.222035 -0.023795 0.999663 0.010421 0.242431 -0.013907 -0.010754 0.999845 0.692838
1655375884.212000 0.999476 0.025545 0.019858 2.240607 -0.025795 0.999590 0.012446 0.241726 -0.019532 -0.012952 0.999725 0.691103
1655375884.272000 0.999504 0.026540 0.016971 2.257062 -0.026763 0.999557 0.013058 0.241200 -0.016617 -0.013506 0.999771 0.689729
1655375884.336000 0.999468 0.026650 0.018780 2.275770 -0.026889 0.999559 0.012564 0.240328 -0.018437 -0.013062 0.999745 0.688262
1655375884.399000 0.999486 0.026104 0.018619 2.292197 -0.026407 0.999519 0.016252 0.239955 -0.018186 -0.016735 0.999695 0.687061
1655375884.459000 0.999450 0.026001 0.020604 2.308604 -0.026328 0.999529 0.015769 0.239342 -0.020184 -0.016303 0.999663 0.685911
1655375884.520000 0.999636 0.021812 0.015878 2.327353 -0.021994 0.999693 0.011387 0.238010 -0.015624 -0.011732 0.999809 0.684826
1655375884.584000 0.999646 0.022753 0.013774 2.343855 -0.022923 0.999661 0.012307 0.237353 -0.013489 -0.012618 0.999829 0.684117
1655375884.642000 0.999531 0.020834 0.022448 2.360382 -0.021191 0.999651 0.015803 0.236768 -0.022111 -0.016272 0.999623 0.683641
1655375884.702000 0.999498 0.021304 0.023436 2.379443 -0.021607 0.999685 0.012748 0.235688 -0.023157 -0.013248 0.999644 0.683370
1655375884.764000 0.999375 0.030211 0.018353 2.396088 -0.030452 0.999452 0.012986 0.235206 -0.017951 -0.013537 0.999747 0.683131
1655375884.825000 0.999351 0.025265 0.025692 2.414844 -0.025643 0.999566 0.014478 0.234465 -0.025315 -0.015127 0.999565 0.682671
1655375884.890000 0.999507 0.025284 0.018604 2.431348 -0.025562 0.999563 0.014839 0.233837 -0.018220 -0.015307 0.999717 0.682499
1655375884.949000 0.999441 0.025064 0.022109 2.447885 -0.025351 0.999597 0.012794 0.233237 -0.021779 -0.013347 0.999674 0.681840
1655375885.010000 0.999346 0.025373 0.025771 2.466068 -0.025670 0.999607 0.011265 0.232605 -0.025475 -0.011920 0.999604 0.681040
1655375885.071000 0.999326 0.023528 0.028189 2.482083 -0.024114 0.999496 0.020624 0.232126 -0.027689 -0.021290 0.999390 0.680143
1655375885.133000 0.999419 0.028178 0.019198 2.498235 -0.028483 0.999470 0.015789 0.231401 -0.018743 -0.016327 0.999691 0.679247
1655375885.196000 0.998268 0.027478 0.052024 2.516308 -0.028083 0.999546 0.010934 0.230335 -0.051700 -0.012376 0.998586 0.678367
1655375885.254000 0.994053 0.034444 0.103307 2.530989 -0.035478 0.999337 0.008189 0.229744 -0.102956 -0.011805 0.994616 0.677822
1655375885.319000 0.994031 0.033990 0.103668 2.543133 -0.036735 0.999020 0.024678 0.229202 -0.102728 -0.028339 0.994306 0.676921
1655375885.377000 0.994054 0.030135 0.104632 2.553863 -0.032143 0.999329 0.017554 0.227989 -0.104033 -0.020813 0.994356 0.675628
1655375885.439000 0.995211 0.015448 0.096526 2.560424 -0.017374 0.999666 0.019147 0.227273 -0.096197 -0.020732 0.995146 0.675019
1655375885.501000 0.997087 -0.015258 0.074727 2.564967 0.014035 0.999759 0.016859 0.226228 -0.074966 -0.015761 0.997062 0.673974
1655375885.562000 0.995920 -0.054923 0.071595 2.567210 0.054267 0.998465 0.011075 0.225485 -0.072093 -0.007145 0.997372 0.673389
1655375885.624000 0.993560 -0.099198 0.054760 2.568199 0.098753 0.995054 0.010785 0.225260 -0.055559 -0.005308 0.998441 0.673053
1655375885.685000 0.986529 -0.158223 0.041538 2.567945 0.157781 0.987379 0.013744 0.225081 -0.043189 -0.007005 0.999042 0.672681
1655375885.749000 0.976896 -0.212256 0.024919 2.567374 0.211649 0.977029 0.024897 0.225187 -0.029631 -0.019047 0.999379 0.672312
1655375885.808000 0.962168 -0.271780 0.019191 2.566689 0.271213 0.962119 0.027776 0.225518 -0.026013 -0.021520 0.999430 0.672341
1655375885.873000 0.942924 -0.332090 0.024716 2.566319 0.331200 0.942941 0.034202 0.225784 -0.034664 -0.024064 0.999109 0.672842
1655375885.933000 0.920291 -0.391000 0.013549 2.565787 0.390389 0.920026 0.033884 0.225834 -0.025714 -0.025894 0.999334 0.672827
1655375885.992000 0.890544 -0.454872 0.004858 2.565970 0.454313 0.889889 0.041194 0.225220 -0.023061 -0.034477 0.999139 0.672697
1655375886.055000 0.860466 -0.509503 0.002042 2.566484 0.509047 0.859853 0.039035 0.224905 -0.021644 -0.032549 0.999236 0.672750
1655375886.120000 0.826426 -0.563007 -0.006531 2.567673 0.562687 0.825430 0.045270 0.224191 -0.020096 -0.041087 0.998953 0.672523
1655375886.180000 0.784260 -0.620426 -0.002948 2.569636 0.619758 0.783177 0.050343 0.223139 -0.028925 -0.041309 0.998728 0.672190
1655375886.239000 0.743142 -0.669081 0.008405 2.571927 0.667703 0.742316 0.056036 0.221672 -0.043732 -0.036031 0.998393 0.671814
1655375886.300000 0.692554 -0.721356 0.003834 2.574533 0.720391 0.691884 0.048296 0.219962 -0.037491 -0.030686 0.998826 0.671120
1655375886.362000 0.645704 -0.763586 -0.001439 2.576518 0.762729 0.644888 0.048626 0.218116 -0.036202 -0.032496 0.998816 0.670197
1655375886.423000 0.597981 -0.801371 0.014907 2.578398 0.800247 0.597979 0.044997 0.216079 -0.044973 -0.014978 0.998876 0.669276
1655375886.484000 0.538672 -0.841933 0.031341 2.580255 0.840391 0.539581 0.050937 0.213863 -0.059796 -0.001099 0.998210 0.668284
1655375886.548000 0.484330 -0.874502 0.025904 2.580273 0.873353 0.485021 0.044825 0.212003 -0.051763 0.000913 0.998659 0.667251
1655375886.607000 0.434588 -0.900323 0.023485 2.579239 0.899021 0.435222 0.048404 0.210060 -0.053800 0.000078 0.998552 0.666381
1655375886.672000 0.374208 -0.927321 0.006571 2.577086 0.925728 0.373965 0.056377 0.207634 -0.054737 -0.015014 0.998388 0.665853
1655375886.733000 0.335199 -0.942146 -0.001395 2.574396 0.940201 0.334411 0.064746 0.205389 -0.060533 -0.023014 0.997901 0.665395
1655375886.795000 0.296299 -0.955095 -0.000768 2.570790 0.953071 0.295618 0.065309 0.201922 -0.062150 -0.020083 0.997865 0.665651
1655375886.854000 0.273236 -0.961916 -0.007757 2.567148 0.960325 0.272298 0.060244 0.198285 -0.055837 -0.023910 0.998154 0.666262
1655375886.917000 0.243080 -0.969978 -0.007429 2.563295 0.968543 0.242285 0.056766 0.194388 -0.053262 -0.020994 0.998360 0.667365
1655375886.977000 0.206030 -0.978477 -0.011562 2.558215 0.977732 0.205362 0.043209 0.189536 -0.039905 -0.020207 0.998999 0.668768
1655375887.039000 0.165590 -0.986030 -0.018035 2.553262 0.985329 0.164650 0.044918 0.185565 -0.041321 -0.025208 0.998828 0.670419
1655375887.103000 0.126544 -0.991738 -0.021031 2.547626 0.991407 0.125737 0.036074 0.181407 -0.033132 -0.025415 0.999128 0.672282
1655375887.162000 0.095299 -0.995322 -0.015908 2.542237 0.995156 0.094871 0.025762 0.178073 -0.024132 -0.018286 0.999542 0.673336
1655375887.227000 0.078398 -0.996675 -0.022197 2.536943 0.996228 0.079155 -0.035564 0.176058 0.037202 -0.019325 0.999121 0.674451
1655375887.286000 0.058996 -0.998037 -0.020994 2.530723 0.996642 0.060084 -0.055637 0.176814 0.056789 -0.017641 0.998230 0.675445
1655375887.350000 0.038114 -0.999018 -0.022606 2.525188 0.997274 0.039458 -0.062346 0.180810 0.063177 -0.020168 0.997799 0.676965
1655375887.411000 0.042652 -0.998882 -0.020408 2.519167 0.997327 0.043781 -0.058498 0.188499 0.059326 -0.017858 0.998079 0.677131
1655375887.469000 0.041174 -0.998820 -0.025768 2.512539 0.998400 0.042129 -0.037713 0.200503 0.038754 -0.024174 0.998956 0.678364
1655375887.532000 0.034153 -0.999161 -0.022609 2.506345 0.999350 0.034403 -0.010748 0.214023 0.011517 -0.022227 0.999687 0.679359
1655375887.592000 0.033295 -0.999090 -0.026671 2.499583 0.999446 0.033282 0.000918 0.231233 -0.000029 -0.026687 0.999644 0.680838
1655375887.653000 0.026893 -0.999388 -0.022379 2.493339 0.999527 0.026550 0.015505 0.247636 -0.014902 -0.022785 0.999629 0.681204
1655375887.717000 0.026754 -0.999196 -0.029858 2.486925 0.999220 0.025862 0.029858 0.264724 -0.029062 -0.030634 0.999108 0.681286
1655375887.776000 0.023301 -0.999377 -0.026524 2.480125 0.999135 0.022365 0.035067 0.284449 -0.034452 -0.027318 0.999033 0.680583
1655375887.840000 0.027677 -0.999217 -0.028259 2.474287 0.998633 0.026385 0.045119 0.301222 -0.044338 -0.029469 0.998582 0.680122
1655375887.899000 0.029004 -0.999202 -0.027448 2.467957 0.998313 0.027575 0.051087 0.318039 -0.050289 -0.028883 0.998317 0.678332
1655375887.963000 0.025526 -0.999493 -0.019025 2.461649 0.998490 0.024565 0.049134 0.336030 -0.048642 -0.020250 0.998611 0.677596
1655375888.024000 0.029747 -0.999227 -0.025706 2.455911 0.998439 0.028487 0.048044 0.351451 -0.047274 -0.027095 0.998514 0.676341
1655375888.084000 0.021672 -0.999359 -0.028484 2.449978 0.999170 0.020667 0.035103 0.366402 -0.034492 -0.029221 0.998978 0.675195
1655375888.146000 0.030987 -0.999216 -0.024630 2.443488 0.998672 0.029936 0.041935 0.383272 -0.041165 -0.025897 0.998817 0.673748
1655375888.206000 0.033410 -0.998972 -0.030643 2.437711 0.998775 0.032252 0.037525 0.397820 -0.036498 -0.031859 0.998826 0.672849
1655375888.269000 0.030059 -0.999152 -0.028132 2.431560 0.999210 0.029305 0.026840 0.414118 -0.025993 -0.028916 0.999244 0.672495
1655375888.330000 0.037059 -0.998825 -0.031226 2.426299 0.998939 0.036173 0.028489 0.428930 -0.027326 -0.032249 0.999106 0.672291
1655375888.391000 0.038579 -0.998643 -0.034985 2.421059 0.998845 0.037535 0.030006 0.443329 -0.028653 -0.036102 0.998937 0.672242
1655375888.453000 0.033540 -0.999067 -0.027222 2.415298 0.999056 0.032763 0.028535 0.460115 -0.027616 -0.028153 0.999222 0.672487
1655375888.516000 0.033382 -0.998888 -0.033278 2.410475 0.998978 0.032333 0.031573 0.475135 -0.030462 -0.034298 0.998947 0.672853
1655375888.578000 0.033391 -0.999072 -0.027212 2.405175 0.999143 0.032702 0.025380 0.491978 -0.024466 -0.028036 0.999307 0.673188
1655375888.640000 0.033452 -0.998963 -0.030897 2.400816 0.998914 0.032416 0.033461 0.507071 -0.032425 -0.031983 0.998962 0.673126
1655375888.703000 0.031518 -0.999011 -0.031358 2.396547 0.999291 0.030850 0.021572 0.522227 -0.020583 -0.032015 0.999275 0.672997
1655375888.763000 0.033130 -0.998885 -0.033638 2.392087 0.999070 0.032169 0.028723 0.539833 -0.027609 -0.034558 0.999021 0.672606
1655375888.822000 0.030695 -0.998992 -0.032756 2.388275 0.999222 0.029857 0.025775 0.555249 -0.024771 -0.033522 0.999131 0.671930
1655375888.884000 0.027481 -0.999251 -0.027234 2.384188 0.999284 0.026752 0.026771 0.573023 -0.026023 -0.027951 0.999271 0.671107
1655375888.945000 0.030644 -0.999050 -0.030997 2.380816 0.998908 0.029516 0.036212 0.588853 -0.035263 -0.032073 0.998863 0.670166
1655375889.008000 0.031598 -0.999148 -0.026536 2.377389 0.999057 0.030781 0.030628 0.604143 -0.029785 -0.027478 0.999179 0.669131
1655375889.070000 0.030263 -0.999011 -0.032573 2.373891 0.999009 0.029167 0.033606 0.621594 -0.032622 -0.033558 0.998904 0.668194
1655375889.132000 0.030763 -0.999172 -0.026630 2.370688 0.999051 0.029916 0.031650 0.636790 -0.030827 -0.027578 0.999144 0.667282
1655375889.191000 0.035027 -0.998912 -0.030786 2.367698 0.998950 0.034085 0.030604 0.651990 -0.029521 -0.031826 0.999057 0.666442
1655375889.251000 0.034537 -0.999035 -0.027119 2.364240 0.999062 0.033803 0.027059 0.669339 -0.026116 -0.028028 0.999266 0.666035
1655375889.313000 0.040383 -0.998831 -0.026559 2.361572 0.998987 0.039832 0.020938 0.684595 -0.019856 -0.027378 0.999428 0.665408
1655375889.374000 0.040002 -0.998715 -0.031106 2.358685 0.998975 0.039313 0.022458 0.700282 -0.021206 -0.031973 0.999264 0.665040
1655375889.435000 0.039711 -0.998560 -0.036058 2.355288 0.998818 0.038658 0.029450 0.718439 -0.028014 -0.037185 0.998916 0.664400
1655375889.496000 0.033826 -0.999010 -0.028893 2.352831 0.999098 0.033058 0.026653 0.734311 -0.025671 -0.029769 0.999227 0.664506
1655375889.559000 0.031861 -0.999132 -0.026835 2.349914 0.998964 0.030960 0.033351 0.753021 -0.032491 -0.027870 0.999083 0.664271
1655375889.621000 0.028352 -0.999287 -0.024933 2.347124 0.999155 0.027588 0.030461 0.768962 -0.029751 -0.025776 0.999225 0.664168
1655375889.681000 0.028931 -0.999370 -0.020581 2.344227 0.999092 0.028266 0.031877 0.784912 -0.031275 -0.021484 0.999280 0.663867
1655375889.742000 0.034253 -0.998763 -0.036041 2.340751 0.998669 0.032814 0.039793 0.803250 -0.038562 -0.037356 0.998558 0.663227
1655375889.803000 0.037658 -0.998761 -0.032521 2.337888 0.998687 0.036483 0.035975 0.818671 -0.034744 -0.033833 0.998823 0.662722
1655375889.866000 0.038559 -0.998608 -0.035986 2.334985 0.998768 0.037389 0.032639 0.834287 -0.031248 -0.037200 0.998819 0.662499
1655375889.928000 0.043041 -0.998595 -0.030906 2.332151 0.998643 0.042093 0.030679 0.851510 -0.029335 -0.032184 0.999051 0.662632
1655375889.990000 0.043268 -0.998366 -0.037330 2.329897 0.998624 0.042110 0.031268 0.866670 -0.029645 -0.038632 0.998814 0.663248
1655375890.049000 0.041886 -0.998218 -0.042505 2.327947 0.998529 0.040357 0.036217 0.883892 -0.034437 -0.043959 0.998440 0.664251
1655375890.112000 0.041792 -0.998521 -0.034767 2.326798 0.998531 0.040541 0.035959 0.898454 -0.034496 -0.036219 0.998748 0.664925
1655375890.173000 0.047214 -0.998095 -0.039726 2.325957 0.998070 0.045532 0.042235 0.913108 -0.040345 -0.041643 0.998318 0.665880
1655375890.234000 0.043616 -0.998362 -0.037030 2.325456 0.998576 0.042426 0.032328 0.929789 -0.030704 -0.038388 0.998791 0.666264
1655375890.296000 0.045201 -0.998323 -0.036157 2.325509 0.998656 0.044238 0.027016 0.943926 -0.025371 -0.037329 0.998981 0.666162
1655375890.358000 0.046433 -0.998253 -0.036541 2.325864 0.998577 0.045425 0.027953 0.958548 -0.026245 -0.037786 0.998941 0.665783
1655375890.418000 0.048501 -0.998160 -0.036387 2.326520 0.998444 0.047447 0.029285 0.975555 -0.027504 -0.037750 0.998909 0.664917
1655375890.482000 0.045457 -0.998428 -0.032781 2.327629 0.998586 0.044509 0.029082 0.990655 -0.027577 -0.034057 0.999039 0.663783
1655375890.547000 0.048992 -0.998231 -0.033672 2.328937 0.998501 0.048126 0.026062 1.005937 -0.024395 -0.034898 0.999093 0.662377
1655375890.602000 0.045353 -0.998508 -0.030428 2.330544 0.998661 0.044559 0.026279 1.023808 -0.024884 -0.031579 0.999191 0.660927
1655375890.664000 0.050777 -0.998320 -0.027926 2.332251 0.998389 0.050031 0.026777 1.039355 -0.025335 -0.029240 0.999251 0.659611
1655375890.726000 0.048872 -0.998427 -0.027464 2.333841 0.998462 0.048116 0.027542 1.055184 -0.026177 -0.028768 0.999243 0.658602
1655375890.784000 0.046386 -0.998627 -0.024352 2.335724 0.998592 0.045728 0.026895 1.073483 -0.025744 -0.025565 0.999342 0.657313
1655375890.846000 0.047158 -0.998562 -0.025511 2.337580 0.998670 0.046599 0.022058 1.089606 -0.020837 -0.026517 0.999431 0.656839
1655375890.908000 0.050817 -0.998570 -0.016594 2.339571 0.998342 0.050342 0.027917 1.107957 -0.027041 -0.017985 0.999473 0.656751
1655375890.969000 0.048163 -0.998641 -0.019911 2.341267 0.998564 0.047672 0.024432 1.124281 -0.023450 -0.021059 0.999503 0.657238
1655375891.034000 0.049927 -0.998609 -0.016963 2.342957 0.998353 0.049419 0.029145 1.140892 -0.028267 -0.018390 0.999431 0.658152
1655375891.094000 0.048136 -0.998604 -0.021734 2.344662 0.998447 0.047495 0.029111 1.159828 -0.028038 -0.023101 0.999340 0.659222
1655375891.155000 0.046257 -0.998668 -0.022856 2.346289 0.998433 0.045501 0.032563 1.176480 -0.031479 -0.024326 0.999208 0.660440
1655375891.219000 0.041514 -0.998985 -0.017471 2.347952 0.998878 0.041098 0.023530 1.192911 -0.022788 -0.018428 0.999570 0.661285
1655375891.276000 0.033981 -0.999189 -0.021583 2.349616 0.999075 0.033392 0.027088 1.212144 -0.026345 -0.022484 0.999400 0.662218
1655375891.339000 0.035346 -0.999243 -0.016276 2.350799 0.999006 0.034886 0.027732 1.228586 -0.027144 -0.017240 0.999483 0.662770
1655375891.399000 0.029073 -0.999411 -0.018257 2.352134 0.999047 0.028458 0.033097 1.245595 -0.032558 -0.019201 0.999285 0.662946
1655375891.461000 0.028443 -0.999329 -0.023069 2.353245 0.999179 0.027758 0.029523 1.264362 -0.028863 -0.023890 0.999298 0.662963
1655375891.524000 0.028990 -0.999341 -0.021820 2.353986 0.999178 0.028353 0.028981 1.280799 -0.028343 -0.022642 0.999342 0.663206
1655375891.584000 0.029651 -0.999200 -0.026851 2.354837 0.999033 0.028753 0.033246 1.299338 -0.032448 -0.027810 0.999086 0.662847
1655375891.649000 0.023897 -0.999531 -0.019169 2.355252 0.999320 0.023345 0.028548 1.315836 -0.028087 -0.019838 0.999409 0.662896
1655375891.711000 0.021273 -0.999591 -0.019093 2.355446 0.999413 0.020748 0.027278 1.331785 -0.026871 -0.019662 0.999446 0.662613
1655375891.768000 0.027042 -0.999458 -0.018780 2.355228 0.999182 0.026460 0.030588 1.349821 -0.030074 -0.019591 0.999356 0.662696
1655375891.831000 0.028429 -0.999395 -0.020027 2.354707 0.998966 0.027695 0.036041 1.365613 -0.035465 -0.021031 0.999150 0.662802
1655375891.890000 0.030165 -0.999313 -0.021550 2.353940 0.999025 0.029447 0.032894 1.381336 -0.032237 -0.022521 0.999227 0.663153
1655375891.952000 0.036714 -0.998959 -0.027076 2.352749 0.998766 0.035773 0.034459 1.398864 -0.033454 -0.028308 0.999039 0.664016
1655375892.013000 0.035249 -0.999060 -0.025224 2.351438 0.999023 0.034552 0.027551 1.414296 -0.026653 -0.026171 0.999302 0.664880
1655375892.076000 0.041799 -0.998779 -0.026348 2.349990 0.998821 0.041120 0.025802 1.431825 -0.024687 -0.027396 0.999320 0.665580
1655375892.138000 0.047381 -0.998403 -0.030755 2.348686 0.998395 0.046378 0.032518 1.446974 -0.031039 -0.032246 0.998998 0.666209
1655375892.199000 0.053165 -0.998108 -0.030899 2.347463 0.998234 0.052300 0.028175 1.462224 -0.026505 -0.032342 0.999125 0.666187
1655375892.260000 0.056736 -0.997749 -0.035761 2.345966 0.998076 0.055785 0.027049 1.479594 -0.024993 -0.037227 0.998994 0.665979
1655375892.323000 0.062649 -0.997552 -0.031069 2.344961 0.997674 0.061758 0.028871 1.494971 -0.026882 -0.032805 0.999100 0.665413
1655375892.383000 0.067104 -0.997229 -0.032126 2.344058 0.997524 0.066375 0.023251 1.510221 -0.021054 -0.033607 0.999213 0.664655
1655375892.444000 0.073839 -0.996551 -0.037879 2.343539 0.996866 0.072675 0.031236 1.527985 -0.028376 -0.040066 0.998794 0.663777
1655375892.509000 0.071355 -0.996746 -0.037481 2.343358 0.997136 0.070339 0.027780 1.543463 -0.025053 -0.039356 0.998911 0.662886
